#comment
2.201600000000003998223974122084    0.119839556866309537852544053749    0.000464817077944286081124525278    
2.201603999999999672354533686303    0.113940965251294032412054946235    0.000432476005506928732214505517    
2.201607999999997566931142500835    0.113871424881638733106470340317    0.000439221256582471633860692561    
2.201612000000005231470368016744    0.104526650295670778256784672067    0.000416662478923415292332566029    
2.201616000000000905600927580963    0.105474794662034396242056288884    0.000401220021596928439443219272    
2.201619999999996135642277295119    0.099912082366877999484167105493    0.000402155489121349611451872175    
2.201624000000000691557033860590    0.098281359873416462846762442496    0.000436401604200612445744883461    
2.201628000000002582936531325686    0.096879842622495798698523117309    0.000412188908833406120277992324    
2.201631999999998257067090889905    0.085646581895101131509662195640    0.000366151598511106504772044667    
2.201636000000002812981847455376    0.085406117978811701973995695880    0.000382377738819826540860036257    
2.201639999999998043023197169532    0.078282225612894870692137772039    0.000353608156532523318707483817    
2.201643999999994161242966583814    0.077475714047935420603074874180    0.000352324352979503099218133721    
2.201648000000001381692982249660    0.073928603291260414076546680917    0.000349660126147292057811888366    
2.201652000000000164448010764318    0.064868882936705285491285621902    0.000307378843774993801025302576    
2.201656000000007384898026430164    0.062439550965194989817774740004    0.000307437179366680881937440306    
2.201660000000002614939376144321    0.061748896943103301349076161841    0.000315724210919419545195302446    
2.201663999999995624534676608164    0.061273008851816725128802687550    0.000332360588784261711762374469    
2.201668000000003289073902124073    0.051754662555526652345516680498    0.000285354995416348990178168066    
2.201671999999998519115251838230    0.053324882711690793635206375711    0.000295074212625674270425030210    
2.201675999999999966405539453262    0.050573484439870232398650529149    0.000285791563785186316769965087    
2.201680000000005410498715718859    0.048686869620456707519196015710    0.000276444436827466002385561561    
2.201684000000000196450855582952    0.042536368024707824075925088891    0.000253277115628239887345357628    
2.201687999999995426492205297109    0.044164652250172888037216267776    0.000264518595984119847704107986    
2.201692000000000426496171712643    0.040902007658161959602338697550    0.000261907777797368041417663820    
2.201696000000001429697249477613    0.037446143634705483793645441892    0.000235781516357459731102197420    
2.201699999999997103827809041832    0.037353518665060085612861229265    0.000235374729368054966044052079    
2.201704000000004768367034557741    0.034578650823542438075275384790    0.000222063753684603732005062304    
2.201707999999996889783915321459    0.032000668396266439275077431148    0.000210885639073585566191648688    
2.201711999999992563914474885678    0.029935278175848473863895904401    0.000213965835685057953344592740    
2.201716000000000228453700401587    0.028394804698452073138392748319    0.000209166381784269748934576572    
2.201719999999999011208728916245    0.026579681057695776075222582335    0.000200269991343464420384054558    
2.201724000000006231658744582091    0.026702764363719173196232148371    0.000202322829020033074197415512    
2.201728000000002349878513996373    0.024194330387170226437376641115    0.000199058028989268427947842421    
2.201731999999994471295394760091    0.021778409900148554961818447850    0.000177843522942453105334034702    
2.201736000000002135834620276000    0.020758345671919080366318866027    0.000174681053751425934689178732    
2.201739999999997365875969990157    0.018253383638523523746499677145    0.000171711933677248671176532313    
2.201743999999999257255467455252    0.017580149309564616771917044957    0.000166987935092078996655515222    
2.201748000000003813170224020723    0.017344202559748566477848541467    0.000158822342756725757607905170    
2.201751999999999487300783584942    0.015011357435816698180364170412    0.000152929339395432384394318825    
2.201755999999995161431343149161    0.014016976027145027980380653787    0.000144147342279107035581398044    
2.201760000000002381881358815008    0.014137231758690211452789142754    0.000139808282268327662692039559    
2.201764000000001164636387329665    0.011728465082846440195596393608    0.000131813622605890529019059820    
2.201767999999996394677737043821    0.011333732220448649793964612797    0.000132694293177839305834103678    
2.201772000000003615127752709668    0.010598969213745904408008335906    0.000125964195630739610219997471    
2.201775999999996624723053173511    0.009067438809845767416772943648    0.000122607392805579621612027674    
2.201780000000003845173068839358    0.009028476076834232241785649364    0.000117071096691886069739337028    
2.201783999999999519303628403577    0.007736641877934562552820985104    0.000112837594695362714936406889    
2.201787999999997857969447068172    0.007181616543417345885358393787    0.000108535961889044072761420501    
2.201792000000005522508672584081    0.006436808885072932071014228939    0.000101132885867952934081000216    
2.201796000000001196639232148300    0.005743468188208211006040571078    0.000097166843594438984826368311    
2.201799999999996426680581862456    0.005190947890554359865633582416    0.000093982761805384734438324756    
2.201804000000001426684548277990    0.004652331609639633047681428479    0.000087695748486250294385230264    
2.201808000000002873974835893023    0.004048698762270246803707252070    0.000081666022303896970311806736    
2.201811999999998104016185607179    0.003451018824745540666126819573    0.000075793972879430198839531552    
2.201816000000003104020152022713    0.003067680994023266622533485659    0.000070053540482327216767054201    
2.201819999999998334061501736869    0.002731256904332156083131666335    0.000067095896362726929686333410    
2.201823999999994008192061301088    0.002329567746336137258611476142    0.000067073996182113267052610217    
2.201828000000001672731286816997    0.002029681292411006192366595968    0.000060844417561443032342691911    
2.201832000000000455486315331655    0.001728078247425079636001576944    0.000054866769584309574650255598    
2.201836000000007675936330997501    0.001454076106254847261523011070    0.000052031445799321825315068152    
2.201840000000002905977680711658    0.001227888976885057117915955871    0.000051596729479900657817145054    
2.201843999999995915572981175501    0.001032278059088103088630772319    0.000048410683924533792765743101    
2.201848000000003136022996841348    0.000844517975515043451198438085    0.000042991662025566415345108340    
2.201851999999998810153556405567    0.000710142167857658198303061337    0.000040306901023946612122681593    
2.201856000000000257443844020599    0.000592190161889598440554671743    0.000038134324751169733336807199    
2.201860000000004369269390736008    0.000506227032277364202318692410    0.000036266808560907289515819890    
2.201864000000000043399950300227    0.000444651391527057908165804223    0.000033791409649962981067480156    
2.201867999999995717530509864446    0.000411917376067895445786865016    0.000030929607019791448556562952    
2.201872000000000717534476279980    0.000399389314229009776899270712    0.000029359075533982647914985065    
2.201876000000002164824763895012    0.000403464514319105613249227815    0.000027978927835771404944355950    
2.201879999999997394866113609169    0.000433713777215681257990592679    0.000026886866286540816046437760    
2.201884000000005503494548975141    0.000523894680279894274163576817    0.000027893885442489628451829750    
2.201887999999997180822219888796    0.000569476361468967571741184308    0.000026658394373197657074283859    
2.201891999999992854952779453015    0.000718844147670554011776700154    0.000026421657693932779325651089    
2.201896000000000075402795118862    0.000787097376017630284000814456    0.000027168466261083295854332140    
2.201899999999999302247033483582    0.000892370521906958374599994066    0.000027306155294115077268590763    
2.201904000000006522697049149428    0.001036451519733939561837554599    0.000028259724499843837797327314    
2.201908000000002640916818563710    0.001412282937529834745890577885    0.000034570827472779094944200368    
2.201911999999994762333699327428    0.001346086655533140817933568378    0.000031127219242077592479926718    
2.201916000000002426872924843337    0.001682972740228687400648732719    0.000034872045853525702758385352    
2.201919999999998101003484407556    0.001940916227902884710551645320    0.000036667148497576844737820545    
2.201923999999999104204562172526    0.002102619740640052775626500647    0.000038360107240555538980590622    
2.201928000000004548297738438123    0.002355322796455661376463508461    0.000040664642983565454643739290    
2.201931999999999778339088152279    0.002692393055328250617980190285    0.000043670960911900573214652205    
2.201935999999995452469647716498    0.002904514846752948541153127593    0.000043786420643062737387708055    
2.201939999999999120205984581844    0.003102051495579619209280730630    0.000045847141441462413988857522    
2.201944000000001011585482046939    0.003545920678247617072176289810    0.000049192999134704048103811092    
2.201947999999996685716041611158    0.003665326233222450467291730902    0.000049399045306699126424952728    
2.201952000000003906166057277005    0.003893337309714972604979266180    0.000049423101661572393862760511    
2.201955999999996915761357740848    0.004392685814835413891932258679    0.000052948039241053659312210428    
2.201960000000004580300583256758    0.004798914911871517141594978284    0.000055832835689718119949031400    
2.201963999999999366252723120851    0.005128344443837695720844749303    0.000058816121357024629494585771    
2.201967999999998149007751635509    0.006044088539164734104336407228    0.000064679828010099377363049944    
2.201972000000005813546977151418    0.006277360384183417775505464675    0.000064734507926712090580302628    
2.201976000000001487677536715637    0.006285929319222259732680146982    0.000065482712195422029246780204    
2.201979999999996717718886429793    0.006808993048498889096020736389    0.000066587824218568238045928842    
2.201984000000001717722852845327    0.006980042331324489215949036236    0.000066056620040131833323723831    
2.201988000000003165013140460360    0.007266988323641178360023928917    0.000070561685610915592602697399    
2.201991999999998395054490174516    0.007134842686555903021328184366    0.000071337696763035016275962541    
2.201996000000003839147666440113    0.006238550178677603787191774387    0.000065261924248128711824323833    
