   1.8000000000000000        7.8660665957446794        7.1754664684558404E-004          94
   1.8999999999999999        6.7357444680851088        1.0803629489324839E-003          94
   2.0000000000000000        5.3606538297872337        1.5613276704672303E-003          94
   2.1000000000000001        3.5935137234042558        2.1643497303188309E-003          94
   2.2000000000000002        1.1595074500000002        2.4517861733822266E-003         200
   2.2010000000000001        1.1352101500000003        2.4690289452300247E-003         200
   2.2020000000000000        1.1111517500000003        2.4911469220385732E-003         200
   2.2029999999999998        1.0873423499999995        2.5182860986975109E-003         200
   2.2040000000000002        1.0637908750000000        2.5505932394829251E-003         200
   2.2050000000000001        1.0405053149999999        2.5883198082214654E-003         200
   2.2060000000000000        1.0174952549999996        2.6316552567255918E-003         200
   2.2069999999999999       0.99476753500000048        2.6807841655354923E-003         200
   2.2080000000000002       0.97232996999999988        2.7359601617712838E-003         200
   2.2090000000000001       0.95018946000000015        2.7974108657630261E-003         200
   2.2100000000000000       0.92835259000000037        2.8653881264076881E-003         200
   2.2109999999999999       0.90682492999999953        2.9400939151121163E-003         200
   2.2120000000000002       0.88561190999999950        3.0217811729612576E-003         200
   2.2130000000000001       0.86471827499999976        3.1106603215314637E-003         200
   2.2140000000000000       0.84414810000000029        3.2069568176698307E-003         200
   2.2149999999999999       0.82390513999999992        3.3108778097885971E-003         200
   2.2160000000000002       0.80399235000000002        3.4226210868849743E-003         200
   2.2170000000000001       0.78441218000000024        3.5423868026993118E-003         200
   2.2180000000000000       0.76516655999999972        3.6703618309895047E-003         200
   2.2189999999999999       0.74625674999999969        3.8067335412778984E-003         200
   2.2200000000000002       0.72768359500000013        3.9516791446237692E-003         200
   2.2999999999999998        9.0714710425531905E-002   4.7892828429402208E-003          94
   2.3999999999999999        1.9073509740425536E-002   5.2871734069255705E-003          94
   2.5000000000000000       -2.9491400000000016E-003   5.1407324735520954E-003          94
