4 2.2 -0.955055 0.381362 1 1.17445e-14 0 32 
4 2.2 -1.32501 0.629158 1 -1.17445e-14 -1.61487e-15 64 
4 2.2 -1.18492 0.53521 1 5.87225e-15 0 128 
4 2.2 -1.65888 0.71623 1 -2.3489e-14 3.22974e-15 256 
4 2.2 -0.823212 0.420319 1 5.87225e-15 8.07435e-16 512 
4 2.2 -1.34627 0.61216 1 0 1.61487e-15 1024 
4 2.2 -0.76741 0.241334 1 0 0 2048 
4 2.2 -0.961849 0.434843 1 5.87225e-15 8.07435e-16 4096 
4 2.2 -1.67199 0.657028 1 0 0 8182 
4 2.2 -1.27081 0.628347 1 -5.87225e-15 0 32 
4 2.2 -1.26061 0.609195 1 0 0 64 
4 2.2 -1.09527 0.505841 1 -5.87225e-15 0 128 
4 2.2 -1.16373 0.583518 1 1.17445e-14 -1.61487e-15 256 
4 2.2 -1.06873 0.261733 1 -5.87225e-15 0 512 
4 2.2 -0.707637 0.136599 1 5.87225e-15 0 1024 
4 2.2 -1.24327 0.587731 1 0 0 2048 
4 2.2 -1.447 0.610291 1 0 1.61487e-15 4096 
4 2.2 -1.30526 0.551298 1 0 0 8182 
4 2.2 -1.07904 0.513468 1 -5.87225e-15 0 32 
4 2.2 -1.04748 0.3852 1 5.87225e-15 0 64 
4 2.2 -1.40232 0.662542 1 0 1.61487e-15 128 
4 2.2 -1.08637 0.46325 1 0 -8.07435e-16 256 
4 2.2 -1.25811 0.503052 1 5.87225e-15 1.61487e-15 512 
4 2.2 -1.59997 0.671236 1 0 -1.61487e-15 1024 
4 2.2 -1.14034 0.451612 1 1.17445e-14 -8.07435e-16 2048 
4 2.2 -1.22973 0.545928 1 5.87225e-15 0 4096 
4 2.2 -0.958601 0.40161 1 -1.17445e-14 8.07435e-16 8182 
4 2.2 -1.8136 0.746527 1 0 0 32 
4 2.2 -1.51939 0.674167 1 0 -1.61487e-15 64 
4 2.2 -0.787081 0.442373 1 0 0 128 
4 2.2 -1.45176 0.642267 1 0 0 256 
4 2.2 -0.887617 0.192221 1 0 2.01859e-16 512 
4 2.2 -1.60502 0.635366 1 0 0 1024 
4 2.2 -1.4648 0.62101 1 0 1.61487e-15 2048 
4 2.2 -0.601013 0.093916 1 0 5.04647e-17 4096 
4 2.2 -1.29927 0.500498 1 1.17445e-14 0 8182 
4 2.2 -1.01427 0.448687 1 -5.87225e-15 0 32 
4 2.2 -1.50534 0.611765 1 0 1.61487e-15 64 
4 2.2 -1.35597 0.602884 1 0 0 128 
4 2.2 -1.16793 0.592493 1 0 -1.61487e-15 256 
4 2.2 -0.816289 0.402068 1 -5.87225e-15 8.07435e-16 512 
4 2.2 -1.2605 0.562726 1 -5.87225e-15 0 1024 
4 2.2 -1.1802 0.486979 1 0 -8.07435e-16 2048 
4 2.2 -1.25969 0.486001 1 -5.87225e-15 8.07435e-16 4096 
4 2.2 -1.53109 0.681309 1 0 0 8182 
4 2.2 -1.23222 0.530569 1 -5.87225e-15 1.61487e-15 32 
4 2.2 -1.52491 0.679776 1 1.17445e-14 -1.61487e-15 64 
4 2.2 -1.35606 0.632823 1 -1.17445e-14 0 128 
4 2.2 -1.44782 0.646586 1 1.17445e-14 1.61487e-15 256 
4 2.2 -0.900612 0.361053 1 5.87225e-15 -8.07435e-16 512 
4 2.2 -0.915941 0.318295 1 5.87225e-15 0 1024 
4 2.2 -1.04741 0.517105 1 0 0 2048 
4 2.2 -0.976486 0.451053 1 5.87225e-15 8.07435e-16 4096 
4 2.2 -1.28971 0.541919 1 0 1.61487e-15 8182 
4 2.2 -0.948611 0.468715 1 5.87225e-15 8.07435e-16 32 
4 2.2 -1.7415 0.692758 1 1.17445e-14 1.61487e-15 64 
4 2.2 -1.45135 0.589124 1 1.17445e-14 0 128 
4 2.2 -0.562428 0.233518 1 0 2.01859e-16 256 
4 2.2 -0.896321 0.375508 1 0 0 512 
4 2.2 -0.927691 0.494912 1 0 0 1024 
4 2.2 -1.52448 0.662348 1 -1.17445e-14 0 2048 
4 2.2 -0.906622 0.417909 1 5.87225e-15 0 4096 
4 2.2 -1.35602 0.625509 1 0 1.61487e-15 8182 
4 2.2 -0.868626 0.43651 1 0 0 32 
4 2.2 -1.34453 0.579875 1 -1.17445e-14 1.61487e-15 64 
4 2.2 -0.957637 0.327693 1 5.87225e-15 0 128 
4 2.2 -1.38583 0.639355 1 -1.17445e-14 0 256 
4 2.2 -1.4758 0.652458 1 2.3489e-14 -1.61487e-15 512 
4 2.2 -1.18277 0.567002 1 -5.87225e-15 1.61487e-15 1024 
4 2.2 -1.44312 0.637715 1 0 1.61487e-15 2048 
4 2.2 -1.45207 0.557295 1 1.17445e-14 0 4096 
4 2.2 -0.736058 0.183441 1 0 0 8182 
4 2.2 -1.16064 0.432584 1 0 0 32 
4 2.2 -1.24445 0.550127 1 5.87225e-15 1.61487e-15 64 
4 2.2 -1.07229 0.497685 1 0 0 128 
4 2.2 -1.04366 0.580503 1 0 -1.61487e-15 256 
4 2.2 -1.462 0.640365 1 1.17445e-14 0 512 
4 2.2 -1.29235 0.611196 1 0 0 1024 
4 2.2 -1.8255 0.704059 1 0 1.61487e-15 2048 
4 2.2 -1.21816 0.576867 1 5.87225e-15 -1.61487e-15 4096 
4 2.2 -1.05701 0.481868 1 -5.87225e-15 0 8182 
4 2.2 -1.03764 0.464457 1 0 8.07435e-16 32 
4 2.2 -1.0715 0.543048 1 0 1.61487e-15 64 
4 2.2 -1.0968 0.456665 1 -1.17445e-14 0 128 
4 2.2 -1.69186 0.729739 1 0 -3.22974e-15 256 
4 2.2 -1.68755 0.707054 1 0 -1.61487e-15 512 
4 2.2 -1.27786 0.608267 1 5.87225e-15 0 1024 
4 2.2 -1.28534 0.518011 1 0 0 2048 
4 2.2 -1.26429 0.512509 1 5.87225e-15 1.61487e-15 4096 
4 2.2 -1.04069 0.464206 1 0 0 8182 
4 2.2 -1.07322 0.50158 1 -5.87225e-15 0 32 
4 2.2 -1.22585 0.596288 1 -5.87225e-15 -1.61487e-15 64 
4 2.2 -0.513065 0.359174 1 0 8.07435e-16 128 
4 2.2 -1.13015 0.508692 1 -5.87225e-15 1.61487e-15 256 
4 2.2 -0.875895 0.492842 1 0 0 512 
4 2.2 -1.05346 0.45873 1 -5.87225e-15 8.07435e-16 1024 
4 2.2 -1.09458 0.486095 1 -5.87225e-15 0 2048 
4 2.2 -0.808964 0.144521 1 1.17445e-14 -1.00929e-16 4096 
4 2.2 -1.27543 0.599122 1 -5.87225e-15 -1.61487e-15 8182 
4 2.2 -1.51498 0.683258 1 0 1.61487e-15 8 
4 2.2 -1.57599 0.625658 1 -1.17445e-14 -1.61487e-15 16 
4 2.2 -1.07201 0.436483 1 -5.87225e-15 -8.07435e-16 32 
4 2.2 -1.71132 0.70505 1 0 -1.61487e-15 64 
4 2.2 -0.723186 0.235346 1 0 0 128 
4 2.2 -1.13516 0.45629 1 -5.87225e-15 8.07435e-16 256 
4 2.2 -1.34473 0.635308 1 1.17445e-14 1.61487e-15 512 
4 2.2 -1.30304 0.568196 1 5.87225e-15 1.61487e-15 1024 
4 2.2 -1.7487 0.676382 1 1.17445e-14 1.61487e-15 8 
4 2.2 -1.39661 0.604706 1 0 1.61487e-15 16 
4 2.2 -1.37766 0.655474 1 1.17445e-14 0 32 
4 2.2 -1.37793 0.447368 1 0 0 64 
4 2.2 -1.28335 0.585577 1 1.17445e-14 0 128 
4 2.2 -1.42835 0.636858 1 0 1.61487e-15 256 
4 2.2 -0.774687 0.28772 1 -5.87225e-15 0 512 
4 2.2 -1.36072 0.636716 1 0 0 1024 
4 2.2 -1.1151 0.543837 1 0 0 8 
4 2.2 -0.95824 0.3666 1 5.87225e-15 0 16 
4 2.2 -1.39636 0.638339 1 0 -1.61487e-15 32 
4 2.2 -0.940125 0.477247 1 5.87225e-15 8.07435e-16 64 
4 2.2 -1.40581 0.660554 1 -1.17445e-14 -1.61487e-15 128 
4 2.2 -1.47948 0.653747 1 0 -1.61487e-15 256 
4 2.2 -0.867789 0.283075 1 1.17445e-14 0 512 
4 2.2 -1.03213 0.560072 1 -5.87225e-15 -1.61487e-15 1024 
4 2.2 -1.47781 0.682348 1 0 0 8 
4 2.2 -1.64411 0.652036 1 0 1.61487e-15 16 
4 2.2 -1.22015 0.565802 1 0 -1.61487e-15 32 
4 2.2 -2.07273 0.818545 1 -1.17445e-14 -3.22974e-15 64 
4 2.2 -1.07586 0.516059 1 -5.87225e-15 1.61487e-15 128 
4 2.2 -1.36053 0.591815 1 0 -1.61487e-15 256 
4 2.2 -1.21109 0.543786 1 -1.17445e-14 0 512 
4 2.2 -1.0188 0.365046 1 -5.87225e-15 8.07435e-16 1024 
4 2.2 -1.4115 0.653161 1 0 -1.61487e-15 8 
4 2.2 -1.6691 0.688531 1 0 0 16 
4 2.2 -1.33283 0.581192 1 -5.87225e-15 -1.61487e-15 32 
4 2.2 -1.8082 0.713172 1 1.17445e-14 0 64 
4 2.2 -1.07801 0.504214 1 -5.87225e-15 -1.61487e-15 128 
4 2.2 -0.878326 0.202456 1 1.17445e-14 0 256 
4 2.2 -1.43171 0.642999 1 0 0 512 
4 2.2 -0.908319 0.48529 1 0 -8.07435e-16 1024 
4 2.2 -1.87539 0.735891 1 1.17445e-14 -3.22974e-15 8 
4 2.2 -1.72271 0.714949 1 0 -3.22974e-15 16 
4 2.2 -1.87511 0.748027 1 1.17445e-14 -3.22974e-15 32 
4 2.2 -1.48055 0.679173 1 1.17445e-14 0 64 
4 2.2 -0.595981 0.160288 1 0 0 128 
4 2.2 -0.653341 0.407433 1 0 0 256 
4 2.2 -0.967755 0.37115 1 -5.87225e-15 0 512 
4 2.2 -1.23682 0.594448 1 5.87225e-15 0 1024 
4 2.2 -1.52113 0.648372 1 -1.17445e-14 -1.61487e-15 8 
4 2.2 -1.37642 0.648969 1 0 0 16 
4 2.2 -1.5435 0.614706 1 0 0 32 
4 2.2 -1.36207 0.651819 1 0 0 64 
4 2.2 -1.3132 0.560291 1 -5.87225e-15 1.61487e-15 128 
4 2.2 -2.19636 0.833152 1 -1.17445e-14 0 256 
4 2.2 -1.68503 0.721937 1 0 0 512 
4 2.2 -1.40737 0.624071 1 1.17445e-14 1.61487e-15 1024 
4 2.2 -0.84287 0.463538 1 5.87225e-15 0 8 
4 2.2 -1.08339 0.523937 1 0 -1.61487e-15 16 
4 2.2 -1.41557 0.582321 1 0 -1.61487e-15 32 
4 2.2 -1.97733 0.764794 1 -1.17445e-14 3.22974e-15 64 
4 2.2 -1.09051 0.475158 1 0 0 128 
4 2.2 -1.22389 0.593089 1 0 0 256 
4 2.2 -1.54518 0.688328 1 0 -1.61487e-15 512 
4 2.2 -1.64378 0.666898 1 1.17445e-14 -1.61487e-15 1024 
4 2.2 -1.43393 0.62474 1 -1.17445e-14 0 8 
4 2.2 -1.24665 0.611906 1 0 1.61487e-15 16 
4 2.2 -1.1042 0.53145 1 1.17445e-14 0 32 
4 2.2 -1.18197 0.622594 1 0 0 64 
4 2.2 -0.930102 0.281224 1 0 4.03717e-16 128 
4 2.2 -0.867516 0.415073 1 5.87225e-15 0 256 
4 2.2 -1.56274 0.658782 1 -1.17445e-14 0 512 
4 2.2 -0.852045 0.34038 1 0 -4.03717e-16 1024 
4 2.2 -1.76388 0.710187 1 0 0 8 
4 2.2 -1.07683 0.567989 1 0 1.61487e-15 16 
4 2.2 -1.60055 0.701785 1 0 -1.61487e-15 32 
4 2.2 -1.33942 0.642774 1 0 -1.61487e-15 64 
4 2.2 -1.39875 0.612079 1 0 0 128 
4 2.2 -0.979788 0.479695 1 0 0 256 
4 2.2 -1.38305 0.669655 1 0 -1.61487e-15 512 
4 2.2 -0.990183 0.487389 1 5.87225e-15 0 1024 
4 2.2 -1.67757 0.657983 1 0 0 8 
4 2.2 -1.70368 0.699537 1 0 0 16 
4 2.2 -0.690537 0.374976 1 0 8.07435e-16 32 
4 2.2 -1.38002 0.632598 1 1.17445e-14 0 64 
4 2.2 -1.04935 0.497749 1 0 8.07435e-16 128 
4 2.2 -0.887144 0.1606 1 0 -1.00929e-16 256 
4 2.2 -0.784529 0.324643 1 -5.87225e-15 0 512 
4 2.2 -1.69665 0.737922 1 -1.17445e-14 0 1024 
4 2.2 -1.71723 0.734631 1 0 0 8 
4 2.2 -1.01886 0.397339 1 -5.87225e-15 0 16 
4 2.2 -1.03975 0.511515 1 0 0 32 
4 2.2 -1.30646 0.616201 1 -1.17445e-14 1.61487e-15 64 
4 2.2 -1.34049 0.679322 1 0 1.61487e-15 128 
4 2.2 -1.58277 0.680049 1 0 0 256 
4 2.2 -1.28622 0.566019 1 -5.87225e-15 1.61487e-15 512 
4 2.2 -1.50137 0.692129 1 0 0 1024 
4 2.2 -1.40381 0.657033 1 0 1.61487e-15 8 
4 2.2 -1.20298 0.578426 1 5.87225e-15 -1.61487e-15 16 
4 2.2 -1.35686 0.579472 1 0 -1.61487e-15 32 
4 2.2 -1.49541 0.620566 1 1.17445e-14 1.61487e-15 64 
4 2.2 -1.08428 0.44867 1 0 -8.07435e-16 128 
4 2.2 -1.42981 0.65866 1 1.17445e-14 1.61487e-15 256 
4 2.2 -1.55362 0.706119 1 0 0 512 
4 2.2 -1.41536 0.630482 1 -1.17445e-14 0 1024 
4 2.2 -1.69728 0.742064 1 0 0 8 
4 2.2 -1.47174 0.689687 1 1.17445e-14 1.61487e-15 16 
4 2.2 -1.25834 0.608578 1 5.87225e-15 0 32 
4 2.2 -1.1161 0.481052 1 -1.17445e-14 0 64 
4 2.2 -1.06546 0.474921 1 0 -8.07435e-16 128 
4 2.2 -1.07174 0.542493 1 -5.87225e-15 0 256 
4 2.2 -1.20816 0.524283 1 -5.87225e-15 -1.61487e-15 512 
4 2.2 -0.862149 0.356448 1 -1.17445e-14 0 1024 
4 2.2 -1.81778 0.712429 1 0 0 8 
4 2.2 -1.27236 0.559443 1 5.87225e-15 0 16 
4 2.2 -1.3919 0.608527 1 0 0 32 
4 2.2 -1.3211 0.618894 1 5.87225e-15 -1.61487e-15 64 
4 2.2 -1.43113 0.564776 1 1.17445e-14 0 128 
4 2.2 -1.18794 0.612686 1 0 -1.61487e-15 256 
4 2.2 -1.17119 0.548407 1 -5.87225e-15 0 512 
4 2.2 -1.78993 0.732502 1 1.17445e-14 0 1024 
4 2.2 -1.41739 0.673235 1 1.17445e-14 1.61487e-15 8 
4 2.2 -1.29114 0.569102 1 -5.87225e-15 0 16 
4 2.2 -1.10343 0.513864 1 0 0 32 
4 2.2 -0.853509 0.386126 1 5.87225e-15 8.07435e-16 64 
4 2.2 -1.12 0.528464 1 0 -1.61487e-15 128 
4 2.2 -1.11138 0.537287 1 0 0 256 
4 2.2 -0.688303 0.330704 1 5.87225e-15 4.03717e-16 512 
4 2.2 -1.27761 0.615469 1 -5.87225e-15 1.61487e-15 1024 
4 2.2 -1.44523 0.641661 1 -2.3489e-14 -1.61487e-15 8 
4 2.2 -1.57069 0.721158 1 -1.17445e-14 3.22974e-15 16 
4 2.2 -1.479 0.62662 1 0 1.61487e-15 32 
4 2.2 -1.16982 0.517041 1 0 -1.61487e-15 64 
4 2.2 -1.2146 0.528816 1 0 -1.61487e-15 128 
4 2.2 -1.08892 0.477611 1 -5.87225e-15 0 256 
4 2.2 -1.37564 0.661512 1 1.17445e-14 0 512 
4 2.2 -1.33481 0.625852 1 0 1.61487e-15 1024 
4 2.2 -2.05361 0.803641 1 0 0 8 
4 2.2 -0.794241 0.338224 1 1.17445e-14 4.03717e-16 16 
4 2.2 -1.41724 0.616101 1 0 1.61487e-15 32 
4 2.2 -0.955515 0.454185 1 1.17445e-14 8.07435e-16 64 
4 2.2 -0.95916 0.301176 1 0 4.03717e-16 128 
4 2.2 -1.39113 0.642019 1 0 -1.61487e-15 256 
4 2.2 -1.36153 0.625802 1 1.17445e-14 0 512 
4 2.2 -1.01357 0.400322 1 0 -8.07435e-16 1024 
4 2.2 -1.69765 0.714534 1 0 0 8 
4 2.2 -1.29689 0.577615 1 -1.17445e-14 1.61487e-15 16 
4 2.2 -1.22814 0.538595 1 5.87225e-15 0 32 
4 2.2 -0.939584 0.442255 1 5.87225e-15 8.07435e-16 64 
4 2.2 -1.38525 0.573916 1 0 0 128 
4 2.2 -1.47376 0.684861 1 1.17445e-14 0 256 
4 2.2 -1.11056 0.523311 1 0 1.61487e-15 512 
4 2.2 -1.82828 0.727263 1 0 0 1024 
4 2.2 -1.44214 0.634097 1 -1.17445e-14 0 8 
4 2.2 -1.33281 0.591133 1 5.87225e-15 -1.61487e-15 16 
4 2.2 -0.803691 0.244241 1 0 0 32 
4 2.2 -1.17918 0.571443 1 0 1.61487e-15 64 
4 2.2 -0.456709 0.32104 1 -2.93613e-15 -4.03717e-16 128 
4 2.2 -2.00032 0.772798 1 0 0 256 
4 2.2 -1.36249 0.60396 1 0 0 512 
4 2.2 -1.23211 0.500762 1 5.87225e-15 -1.61487e-15 1024 
4 2.2 -1.636 0.689074 1 0 -1.61487e-15 8 
4 2.2 -1.28323 0.617778 1 -1.17445e-14 -1.61487e-15 16 
4 2.2 -1.22682 0.612765 1 0 0 32 
4 2.2 -0.619898 0.268055 1 -2.93613e-15 0 64 
4 2.2 -0.628971 0.287716 1 2.93613e-15 4.03717e-16 128 
4 2.2 -1.06028 0.561015 1 -5.87225e-15 0 256 
4 2.2 -1.15264 0.487932 1 0 8.07435e-16 512 
4 2.2 -0.958477 0.322997 1 -5.87225e-15 4.03717e-16 1024 
4 2.2 -1.45707 0.644959 1 -1.17445e-14 1.61487e-15 8 
4 2.2 -1.19869 0.619809 1 -5.87225e-15 0 16 
4 2.2 -0.77742 0.368252 1 0 0 32 
4 2.2 -1.31082 0.535242 1 5.87225e-15 1.61487e-15 64 
4 2.2 -0.881562 0.450308 1 0 -8.07435e-16 128 
4 2.2 -1.43083 0.578 1 0 1.61487e-15 256 
4 2.2 -1.36436 0.575561 1 -1.17445e-14 0 512 
4 2.2 -0.822521 0.404338 1 0 0 1024 
4 2.2 -1.57593 0.673148 1 0 0 8 
4 2.2 -1.74817 0.705928 1 -1.17445e-14 -1.61487e-15 16 
4 2.2 -1.23713 0.59954 1 0 -1.61487e-15 32 
4 2.2 -1.28219 0.535935 1 0 0 64 
4 2.2 -1.98413 0.739578 1 0 0 128 
4 2.2 -1.38543 0.574609 1 -1.17445e-14 1.61487e-15 256 
4 2.2 -1.39661 0.57794 1 0 0 512 
4 2.2 -0.54007 0.291871 1 0 4.03717e-16 1024 
4 2.2 -1.50365 0.657005 1 1.17445e-14 0 8 
4 2.2 -1.75502 0.700193 1 0 0 16 
4 2.2 -1.46712 0.6822 1 0 0 32 
4 2.2 -1.44032 0.66433 1 0 0 64 
4 2.2 -1.49332 0.636168 1 0 1.61487e-15 128 
4 2.2 -1.39999 0.655563 1 0 1.61487e-15 256 
4 2.2 -1.27601 0.585531 1 -5.87225e-15 1.61487e-15 512 
4 2.2 -0.692946 0.132545 1 0 -1.00929e-16 1024 
4 2.2 -1.5404 0.655724 1 0 0 8 
4 2.2 -1.76968 0.731104 1 -1.17445e-14 0 16 
4 2.2 -1.15243 0.530575 1 0 0 32 
4 2.2 -0.942912 0.478589 1 -5.87225e-15 0 64 
4 2.2 -0.736763 0.237308 1 -5.87225e-15 0 128 
4 2.2 -0.519901 0.216708 1 0 0 256 
4 2.2 -0.956306 0.540804 1 5.87225e-15 -1.61487e-15 512 
4 2.2 -1.12917 0.510748 1 0 0 1024 
4 2.2 -1.95795 0.768529 1 -2.3489e-14 -3.22974e-15 8 
4 2.2 -0.837849 0.51045 1 -5.87225e-15 0 16 
4 2.2 -0.663414 0.193195 1 0 0 32 
4 2.2 -1.15105 0.565122 1 0 0 64 
4 2.2 -1.20057 0.577566 1 1.17445e-14 0 128 
4 2.2 -0.665784 0.2771 1 0 0 256 
4 2.2 -1.12861 0.508203 1 0 1.61487e-15 512 
4 2.2 -1.42708 0.659157 1 1.17445e-14 1.61487e-15 1024 
4 2.2 -1.6726 0.695358 1 0 1.61487e-15 8 
4 2.2 -1.27307 0.532558 1 0 -1.61487e-15 16 
4 2.2 -1.75221 0.723877 1 -1.17445e-14 3.22974e-15 32 
4 2.2 -0.887503 0.392622 1 0 0 64 
4 2.2 -1.80376 0.729876 1 2.3489e-14 3.22974e-15 128 
4 2.2 -1.22061 0.499335 1 -5.87225e-15 0 256 
4 2.2 -0.575892 0.305374 1 0 4.03717e-16 512 
4 2.2 -1.79241 0.711206 1 1.17445e-14 0 1024 
4 2.2 -1.15082 0.577421 1 0 1.61487e-15 8 
4 2.2 -1.59305 0.669875 1 -1.17445e-14 -1.61487e-15 16 
4 2.2 -1.41401 0.646044 1 0 0 32 
4 2.2 -0.147617 0.137691 1 0 -1.00929e-16 64 
4 2.2 -0.953375 0.453097 1 5.87225e-15 8.07435e-16 128 
4 2.2 -1.08795 0.402235 1 -5.87225e-15 -8.07435e-16 256 
4 2.2 -0.753084 0.414883 1 -5.87225e-15 0 512 
4 2.2 -1.23873 0.547607 1 -1.17445e-14 0 1024 
4 2.2 -1.74842 0.677 1 -1.17445e-14 1.61487e-15 8 
4 2.2 -1.80325 0.742579 1 -1.17445e-14 0 16 
4 2.2 -1.06125 0.538718 1 0 -1.61487e-15 32 
4 2.2 -1.10466 0.519181 1 5.87225e-15 0 64 
4 2.2 -1.25835 0.558861 1 0 0 128 
4 2.2 -1.63342 0.681172 1 -1.17445e-14 -1.61487e-15 256 
4 2.2 -0.92273 0.478168 1 -5.87225e-15 0 512 
4 2.2 -1.26861 0.560806 1 -5.87225e-15 0 1024 
4 2.2 -2.1326 0.8261 1 -1.17445e-14 0 8 
4 2.2 -1.25085 0.596376 1 5.87225e-15 -1.61487e-15 16 
4 2.2 -1.51343 0.606518 1 0 -1.61487e-15 32 
4 2.2 -0.962348 0.474854 1 5.87225e-15 -8.07435e-16 64 
4 2.2 -1.29303 0.521307 1 1.17445e-14 -1.61487e-15 128 
4 2.2 -1.19995 0.56328 1 0 0 256 
4 2.2 -1.87698 0.740008 1 1.17445e-14 -3.22974e-15 512 
4 2.2 -1.33532 0.649805 1 1.17445e-14 -1.61487e-15 1024 
4 2.2 -1.31003 0.557837 1 -5.87225e-15 1.61487e-15 8 
4 2.2 -1.47622 0.687891 1 0 1.61487e-15 16 
4 2.2 -1.91271 0.746201 1 1.17445e-14 -3.22974e-15 32 
4 2.2 -0.852428 0.398006 1 0 -8.07435e-16 64 
4 2.2 -1.44925 0.621093 1 -1.17445e-14 1.61487e-15 128 
4 2.2 -1.45535 0.621546 1 0 0 256 
4 2.2 -1.05349 0.48168 1 5.87225e-15 0 512 
4 2.2 -1.67204 0.714417 1 0 0 1024 
4 2.2 -1.36971 0.609378 1 0 0 8 
4 2.2 -1.00857 0.470705 1 0 -8.07435e-16 16 
4 2.2 -0.874939 0.466325 1 -5.87225e-15 0 32 
4 2.2 -1.32927 0.581528 1 1.17445e-14 -1.61487e-15 64 
4 2.2 -1.19156 0.539613 1 5.87225e-15 -1.61487e-15 128 
4 2.2 -1.26457 0.593437 1 -5.87225e-15 1.61487e-15 256 
4 2.2 -1.55701 0.68848 1 0 1.61487e-15 512 
4 2.2 -1.34824 0.618512 1 0 1.61487e-15 1024 
4 2.2 -1.48132 0.61218 1 1.17445e-14 0 8 
4 2.2 -1.34704 0.594281 1 0 1.61487e-15 16 
4 2.2 -0.678753 0.310064 1 0 -4.03717e-16 32 
4 2.2 -1.48843 0.686603 1 0 1.61487e-15 64 
4 2.2 -1.49827 0.624495 1 0 -1.61487e-15 128 
4 2.2 -2.05668 0.816825 1 0 -3.22974e-15 256 
4 2.2 -1.39523 0.600646 1 -1.17445e-14 1.61487e-15 512 
4 2.2 -1.24525 0.540208 1 0 1.61487e-15 1024 
4 2.2 -1.84674 0.751937 1 -1.17445e-14 0 8 
4 2.2 -1.48101 0.595046 1 1.17445e-14 0 16 
4 2.2 -1.64097 0.667577 1 -1.17445e-14 0 32 
4 2.2 -0.864838 0.404607 1 -5.87225e-15 8.07435e-16 64 
4 2.2 -2.00873 0.780156 1 0 0 128 
4 2.2 -1.41144 0.63331 1 -1.17445e-14 0 256 
4 2.2 -0.852279 0.362456 1 0 8.07435e-16 512 
4 2.2 -0.922044 0.304511 1 0 0 1024 
4 2.2 -1.45912 0.615874 1 1.17445e-14 -1.61487e-15 8 
4 2.2 -1.37488 0.61316 1 0 1.61487e-15 16 
4 2.2 -1.12824 0.573668 1 0 -1.61487e-15 32 
4 2.2 -1.58663 0.698122 1 -1.17445e-14 1.61487e-15 64 
4 2.2 -1.02915 0.486587 1 0 0 128 
4 2.2 -1.15821 0.519704 1 0 1.61487e-15 256 
4 2.2 -1.31862 0.576746 1 0 0 512 
4 2.2 -1.01516 0.561261 1 -5.87225e-15 -1.61487e-15 1024 
4 2.2 -1.75679 0.708415 1 -1.17445e-14 -3.22974e-15 8 
4 2.2 -1.26112 0.611954 1 0 -1.61487e-15 16 
4 2.2 -1.43299 0.644066 1 1.17445e-14 0 32 
4 2.2 -0.874179 0.225234 1 5.87225e-15 0 64 
4 2.2 -0.91029 0.437151 1 0 0 128 
4 2.2 -1.40637 0.617561 1 -1.17445e-14 0 256 
4 2.2 -1.17988 0.54468 1 0 1.61487e-15 512 
4 2.2 -1.4365 0.634621 1 0 0 1024 
4 2.2 -1.0319 0.548636 1 -5.87225e-15 1.61487e-15 8 
4 2.2 -1.22016 0.596093 1 0 -1.61487e-15 16 
4 2.2 -0.877358 0.403102 1 -5.87225e-15 0 32 
4 2.2 -1.69707 0.680282 1 0 0 64 
4 2.2 -1.32967 0.625805 1 0 1.61487e-15 128 
4 2.2 -1.13248 0.452623 1 -1.17445e-14 0 256 
4 2.2 -1.01064 0.508046 1 -5.87225e-15 0 512 
4 2.2 -0.671044 0.37743 1 0 0 1024 
4 2.2 -1.78328 0.721864 1 0 0 8 
4 2.2 -1.54268 0.667514 1 0 0 16 
4 2.2 -1.12617 0.538512 1 0 0 32 
4 2.2 -0.949123 0.494047 1 0 8.07435e-16 64 
4 2.2 -1.17218 0.508269 1 1.17445e-14 -1.61487e-15 128 
4 2.2 -1.77241 0.753404 1 0 3.22974e-15 256 
4 2.2 -0.823415 0.329709 1 5.87225e-15 0 512 
4 2.2 -1.44044 0.57932 1 1.17445e-14 -1.61487e-15 1024 
4 2.2 -1.41039 0.681881 1 0 0 8 
4 2.2 -1.19233 0.571558 1 0 0 16 
4 2.2 -1.5734 0.709526 1 0 0 32 
4 2.2 -1.22432 0.51424 1 -1.17445e-14 -1.61487e-15 64 
4 2.2 -0.750615 0.333731 1 -5.87225e-15 4.03717e-16 128 
4 2.2 -1.15925 0.565674 1 1.17445e-14 -1.61487e-15 256 
4 2.2 -1.49222 0.607333 1 0 -1.61487e-15 512 
4 2.2 -1.58337 0.637168 1 0 0 1024 
4 2.2 -1.6753 0.75464 1 -2.3489e-14 0 8 
4 2.2 -1.18732 0.614496 1 0 -1.61487e-15 16 
4 2.2 -1.53033 0.663778 1 1.17445e-14 0 32 
4 2.2 -0.734811 0.356551 1 0 0 64 
4 2.2 -1.17275 0.483611 1 1.17445e-14 -8.07435e-16 128 
4 2.2 -1.42599 0.626884 1 0 -1.61487e-15 256 
4 2.2 -0.849481 0.26113 1 0 4.03717e-16 512 
4 2.2 -1.03132 0.4931 1 0 -8.07435e-16 1024 
4 2.2 -1.62534 0.708337 1 0 3.22974e-15 8 
4 2.2 -1.10944 0.55553 1 -1.17445e-14 1.61487e-15 16 
4 2.2 -1.34521 0.54749 1 -1.17445e-14 -1.61487e-15 32 
4 2.2 -0.672265 0.434611 1 5.87225e-15 0 64 
4 2.2 -0.737254 0.390346 1 0 -8.07435e-16 128 
4 2.2 -1.35972 0.628123 1 -1.17445e-14 0 256 
4 2.2 -1.34826 0.625629 1 0 -1.61487e-15 512 
4 2.2 -0.823739 0.379733 1 0 -8.07435e-16 1024 
4 2.2 -1.03815 0.451998 1 -5.87225e-15 0 8 
4 2.2 -1.70184 0.714027 1 0 0 16 
4 2.2 -0.961379 0.466801 1 0 0 32 
4 2.2 -1.6049 0.692264 1 0 -1.61487e-15 64 
4 2.2 -1.16248 0.43944 1 -5.87225e-15 0 128 
4 2.2 -1.02208 0.304354 1 -5.87225e-15 0 256 
4 2.2 -1.63441 0.648564 1 0 0 512 
4 2.2 -1.12738 0.500434 1 5.87225e-15 1.61487e-15 1024 
4 2.2 -1.2575 0.582062 1 0 0 8 
4 2.2 -1.29615 0.488451 1 5.87225e-15 0 16 
4 2.2 -1.35756 0.641205 1 1.17445e-14 0 32 
4 2.2 -1.10563 0.495551 1 -5.87225e-15 0 64 
4 2.2 -0.981409 0.499214 1 -5.87225e-15 8.07435e-16 128 
4 2.2 -1.17377 0.567145 1 1.17445e-14 -1.61487e-15 256 
4 2.2 -1.31808 0.624697 1 1.17445e-14 0 512 
4 2.2 -1.67087 0.648761 1 -2.3489e-14 -1.61487e-15 1024 
4 2.2 -1.51334 0.649073 1 0 0 8 
4 2.2 -0.967674 0.460993 1 0 -8.07435e-16 16 
4 2.2 -1.77489 0.720825 1 0 0 32 
4 2.2 -1.71856 0.632983 1 0 1.61487e-15 64 
4 2.2 -1.26022 0.584718 1 1.17445e-14 -1.61487e-15 128 
4 2.2 -1.44062 0.615744 1 -1.17445e-14 0 256 
4 2.2 -1.56392 0.654226 1 0 0 512 
4 2.2 -0.638317 0.32381 1 -8.80838e-15 4.03717e-16 1024 
4 2.2 -1.12876 0.5761 1 0 -1.61487e-15 8 
4 2.2 -1.82128 0.739585 1 0 0 16 
4 2.2 -1.45943 0.632253 1 1.17445e-14 1.61487e-15 32 
4 2.2 -1.03915 0.471092 1 -5.87225e-15 -8.07435e-16 64 
4 2.2 -1.38849 0.617771 1 0 -1.61487e-15 128 
4 2.2 -1.12841 0.506664 1 -5.87225e-15 0 256 
4 2.2 -1.11547 0.48342 1 0 -8.07435e-16 512 
4 2.2 -1.54875 0.722318 1 1.17445e-14 0 1024 
4 2.2 -2.16988 0.824453 1 0 0 8 
4 2.2 -1.47596 0.658718 1 0 0 16 
4 2.2 -1.36771 0.567228 1 -1.17445e-14 -1.61487e-15 32 
4 2.2 -1.16911 0.560767 1 0 0 64 
4 2.2 -0.536069 0.110124 1 2.93613e-15 -5.04647e-17 128 
4 2.2 -1.00501 0.494511 1 1.17445e-14 0 256 
4 2.2 -0.654386 0.404857 1 5.87225e-15 0 512 
4 2.2 -1.6029 0.699997 1 0 -1.61487e-15 1024 
4 2.2 -1.76791 0.771281 1 -2.3489e-14 0 8 
4 2.2 -1.26324 0.570647 1 -5.87225e-15 -1.61487e-15 16 
4 2.2 -0.860402 0.403382 1 -5.87225e-15 0 32 
4 2.2 -1.32402 0.591963 1 5.87225e-15 -1.61487e-15 64 
4 2.2 -1.19031 0.444346 1 0 8.07435e-16 128 
4 2.2 -0.890779 0.335995 1 0 0 256 
4 2.2 -1.09655 0.535904 1 0 1.61487e-15 512 
4 2.2 -1.35823 0.60743 1 1.17445e-14 1.61487e-15 1024 
4 2.2 -1.46596 0.660692 1 0 -1.61487e-15 8 
4 2.2 -0.425329 0.19461 1 -2.93613e-15 0 16 
4 2.2 -1.46484 0.666443 1 0 -1.61487e-15 32 
4 2.2 -1.46894 0.649762 1 -2.3489e-14 -1.61487e-15 64 
4 2.2 -1.44662 0.655774 1 0 1.61487e-15 128 
4 2.2 -0.859188 0.362911 1 5.87225e-15 0 256 
4 2.2 -1.78732 0.735414 1 0 0 512 
4 2.2 -1.69246 0.698353 1 0 0 1024 
4 2.2 -1.32481 0.561992 1 -5.87225e-15 0 8 
4 2.2 -1.65366 0.700462 1 -1.17445e-14 0 16 
4 2.2 -1.42534 0.633009 1 1.17445e-14 1.61487e-15 32 
4 2.2 -0.777436 0.315341 1 5.87225e-15 -4.03717e-16 64 
4 2.2 -1.34158 0.639758 1 1.17445e-14 0 128 
4 2.2 -1.36408 0.597725 1 0 1.61487e-15 256 
4 2.2 -1.09102 0.487931 1 -5.87225e-15 0 512 
4 2.2 -1.10598 0.512317 1 5.87225e-15 -1.61487e-15 1024 
4 2.2 -1.67362 0.710908 1 -1.17445e-14 0 8 
4 2.2 -1.45588 0.593837 1 0 1.61487e-15 16 
4 2.2 -1.0492 0.505897 1 0 1.61487e-15 32 
4 2.2 -1.12675 0.522567 1 -5.87225e-15 0 64 
4 2.2 -1.4828 0.629751 1 0 1.61487e-15 128 
4 2.2 -1.26069 0.566282 1 5.87225e-15 1.61487e-15 256 
4 2.2 -0.976608 0.464314 1 -1.17445e-14 8.07435e-16 512 
4 2.2 -1.15189 0.517752 1 0 -1.61487e-15 1024 
4 2.2 -1.89332 0.766914 1 -1.17445e-14 0 8 
4 2.2 -1.35682 0.544717 1 0 0 16 
4 2.2 -1.66574 0.712872 1 1.17445e-14 0 32 
4 2.2 -0.994867 0.381744 1 0 0 64 
4 2.2 -1.28519 0.582484 1 -5.87225e-15 1.61487e-15 128 
4 2.2 -1.64097 0.695162 1 1.17445e-14 1.61487e-15 256 
4 2.2 -0.952497 0.437495 1 -5.87225e-15 8.07435e-16 512 
4 2.2 -1.44921 0.618884 1 2.3489e-14 -1.61487e-15 1024 
4 2.2 -1.86131 0.745269 1 -1.17445e-14 0 8 
4 2.2 -1.27242 0.549128 1 0 0 16 
4 2.2 -1.26914 0.559374 1 5.87225e-15 0 32 
4 2.2 -1.41374 0.615897 1 0 0 64 
4 2.2 -1.37606 0.62008 1 -1.17445e-14 0 128 
4 2.2 -1.38354 0.623805 1 -1.17445e-14 0 256 
4 2.2 -1.86161 0.741635 1 -1.17445e-14 0 512 
4 2.2 -0.854325 0.525156 1 5.87225e-15 0 1024 
4 2.2 -0.969565 0.485688 1 5.87225e-15 -8.07435e-16 8 
4 2.2 -1.81422 0.711076 1 0 0 16 
4 2.2 -0.848647 0.433059 1 -5.87225e-15 0 32 
4 2.2 -0.835295 0.332107 1 0 4.03717e-16 64 
4 2.2 -1.8942 0.756359 1 0 0 128 
4 2.2 -1.34994 0.662675 1 0 0 256 
4 2.2 -0.889154 0.473961 1 5.87225e-15 -8.07435e-16 512 
4 2.2 -1.77372 0.696867 1 0 0 1024 
4 2.2 -1.21997 0.563081 1 -1.17445e-14 -1.61487e-15 8 
4 2.2 -0.833792 0.38807 1 5.87225e-15 8.07435e-16 16 
4 2.2 -0.998001 0.366648 1 -5.87225e-15 8.07435e-16 32 
4 2.2 -0.316243 0.276677 1 1.46806e-15 0 64 
4 2.2 -1.60673 0.645952 1 0 -1.61487e-15 128 
4 2.2 -1.12459 0.534466 1 -5.87225e-15 -1.61487e-15 256 
4 2.2 -1.08247 0.551322 1 5.87225e-15 1.61487e-15 512 
4 2.2 -1.26856 0.563379 1 -5.87225e-15 -1.61487e-15 1024 
4 2.2 -2.07763 0.798858 1 0 0 8 
4 2.2 -1.74868 0.734702 1 -1.17445e-14 0 16 
4 2.2 -1.2313 0.562898 1 5.87225e-15 0 32 
4 2.2 -1.30581 0.59525 1 5.87225e-15 -1.61487e-15 64 
4 2.2 -1.44149 0.557807 1 0 1.61487e-15 128 
4 2.2 -0.901467 0.274803 1 5.87225e-15 -4.03717e-16 256 
4 2.2 -1.51217 0.665272 1 0 0 512 
4 2.2 -0.713152 0.392132 1 0 -8.07435e-16 1024 
4 2.2 -1.92583 0.780715 1 0 0 8 
4 2.2 -1.60702 0.693284 1 0 0 16 
4 2.2 -0.343169 0.109112 1 0 -5.04647e-17 32 
4 2.2 -0.556706 0.229735 1 2.93613e-15 -2.01859e-16 64 
4 2.2 -1.36937 0.518365 1 1.17445e-14 -1.61487e-15 128 
4 2.2 -1.59526 0.707043 1 1.17445e-14 0 256 
4 2.2 -0.655013 0.258306 1 0 0 512 
4 2.2 -0.580608 0.10859 1 5.87225e-15 5.04647e-17 1024 
4 2.2 -1.73439 0.68732 1 1.17445e-14 0 8 
4 2.2 -1.19623 0.535745 1 0 0 16 
4 2.2 -0.964151 0.403148 1 5.87225e-15 0 32 
4 2.2 -0.606171 0.148359 1 -2.93613e-15 0 64 
4 2.2 -1.70541 0.708472 1 -2.3489e-14 3.22974e-15 128 
4 2.2 -1.61589 0.632713 1 -1.17445e-14 1.61487e-15 256 
4 2.2 -0.934155 0.324202 1 0 4.03717e-16 512 
4 2.2 -1.14063 0.535241 1 -5.87225e-15 0 1024 
4 2.2 -1.79086 0.720654 1 1.17445e-14 0 8 
4 2.2 -1.43676 0.633628 1 1.17445e-14 -1.61487e-15 16 
4 2.2 -1.54059 0.620659 1 0 -1.61487e-15 32 
4 2.2 -0.967443 0.426144 1 0 0 64 
4 2.2 -0.947191 0.293572 1 -5.87225e-15 4.03717e-16 128 
4 2.2 -1.06854 0.554389 1 -5.87225e-15 1.61487e-15 256 
4 2.2 -1.0223 0.418221 1 0 0 512 
4 2.2 -1.30673 0.592671 1 -5.87225e-15 -1.61487e-15 1024 
4 2.2 -1.51148 0.687679 1 1.17445e-14 1.61487e-15 8 
4 2.2 -1.09132 0.524459 1 5.87225e-15 -1.61487e-15 16 
4 2.2 -1.42912 0.553385 1 0 0 32 
4 2.2 -1.28399 0.5315 1 5.87225e-15 0 64 
4 2.2 -1.30328 0.561901 1 -5.87225e-15 0 128 
4 2.2 -1.58093 0.668063 1 0 1.61487e-15 256 
4 2.2 -1.26988 0.620864 1 -5.87225e-15 0 512 
4 2.2 -1.14455 0.549719 1 -1.17445e-14 0 1024 
4 2.2 -1.6224 0.67389 1 0 -1.61487e-15 8 
4 2.2 -1.21248 0.557223 1 1.17445e-14 0 16 
4 2.2 -0.844809 0.442809 1 5.87225e-15 8.07435e-16 32 
4 2.2 -1.55145 0.6963 1 1.17445e-14 -1.61487e-15 64 
4 2.2 -0.640464 0.301334 1 0 -4.03717e-16 128 
4 2.2 -1.30831 0.61313 1 -5.87225e-15 -1.61487e-15 256 
4 2.2 -1.60536 0.637855 1 1.17445e-14 -1.61487e-15 512 
4 2.2 -1.23915 0.439771 1 0 -8.07435e-16 1024 
4 2.2 -1.76998 0.738423 1 1.17445e-14 0 8 
4 2.2 -1.41141 0.62547 1 0 -1.61487e-15 16 
4 2.2 -1.3993 0.614816 1 0 -1.61487e-15 32 
4 2.2 -1.21289 0.567813 1 0 1.61487e-15 64 
4 2.2 -0.773598 0.390452 1 0 0 128 
4 2.2 -1.00995 0.352004 1 0 0 256 
4 2.2 -1.06205 0.525201 1 0 0 512 
4 2.2 -0.943529 0.437518 1 0 0 1024 
4 2.2 -1.82624 0.76109 1 1.17445e-14 0 8 
4 2.2 -1.12203 0.523352 1 0 1.61487e-15 16 
4 2.2 -1.3429 0.624018 1 0 0 32 
4 2.2 -1.30903 0.55168 1 -5.87225e-15 0 64 
4 2.2 -0.978777 0.436824 1 -5.87225e-15 0 128 
4 2.2 -1.30299 0.542806 1 1.76168e-14 0 256 
4 2.2 -1.13332 0.506412 1 1.17445e-14 1.61487e-15 512 
4 2.2 -1.46877 0.669958 1 -1.17445e-14 0 1024 
4 2.2 -1.67608 0.697282 1 0 1.61487e-15 8 
4 2.2 -1.17058 0.542538 1 1.17445e-14 0 16 
4 2.2 -0.835376 0.35257 1 0 4.03717e-16 32 
4 2.2 -0.839097 0.292383 1 5.87225e-15 4.03717e-16 64 
4 2.2 -1.32994 0.600145 1 -5.87225e-15 -1.61487e-15 128 
4 2.2 -0.586559 0.316754 1 2.93613e-15 -4.03717e-16 256 
4 2.2 -1.01455 0.461528 1 5.87225e-15 8.07435e-16 512 
4 2.2 -1.51763 0.600792 1 0 -1.61487e-15 1024 
4 2.2 -1.70515 0.667192 1 1.17445e-14 1.61487e-15 8 
4 2.2 -1.0752 0.514724 1 5.87225e-15 0 16 
4 2.2 -1.26332 0.579388 1 0 0 32 
4 2.2 -1.35401 0.613767 1 -1.17445e-14 0 64 
4 2.2 -0.753685 0.325977 1 -5.87225e-15 4.03717e-16 128 
4 2.2 -1.35605 0.536775 1 1.17445e-14 1.61487e-15 256 
4 2.2 -1.2101 0.608363 1 -5.87225e-15 0 512 
4 2.2 -1.06343 0.584336 1 1.76168e-14 1.61487e-15 1024 
4 2.2 -1.2952 0.625753 1 5.87225e-15 0 8 
4 2.2 -1.66782 0.682451 1 0 -1.61487e-15 16 
4 2.2 -1.22162 0.525016 1 1.17445e-14 0 32 
4 2.2 -1.2133 0.566245 1 0 1.61487e-15 64 
4 2.2 -0.751678 0.436406 1 0 0 128 
4 2.2 -1.26905 0.546335 1 0 0 256 
4 2.2 -1.4102 0.539823 1 0 1.61487e-15 512 
4 2.2 -1.1049 0.541472 1 5.87225e-15 1.61487e-15 1024 
4 2.2 -1.42537 0.645896 1 0 1.61487e-15 8 
4 2.2 -1.97959 0.813976 1 1.17445e-14 -3.22974e-15 16 
4 2.2 -1.63165 0.652288 1 0 -1.61487e-15 32 
4 2.2 -1.35498 0.563815 1 0 0 64 
4 2.2 -0.891578 0.428895 1 -5.87225e-15 0 128 
4 2.2 -1.30446 0.586208 1 0 1.61487e-15 256 
4 2.2 -1.65623 0.696394 1 1.17445e-14 1.61487e-15 512 
4 2.2 -1.36212 0.633427 1 0 0 1024 
4 2.2 -2.12139 0.797385 1 0 0 8 
4 2.2 -1.56758 0.672303 1 1.17445e-14 0 16 
4 2.2 -1.3229 0.619598 1 -1.17445e-14 -1.61487e-15 32 
4 2.2 -1.47539 0.61512 1 0 0 64 
4 2.2 -1.41742 0.603105 1 0 0 128 
4 2.2 -1.18149 0.498594 1 -5.87225e-15 8.07435e-16 256 
4 2.2 -2.11152 0.80079 1 0 0 512 
4 2.2 -1.59748 0.653821 1 1.17445e-14 1.61487e-15 1024 
4 2.2 -1.70942 0.707264 1 0 0 8 
4 2.2 -1.85015 0.777586 1 0 -3.22974e-15 16 
4 2.2 -0.977566 0.339248 1 -5.87225e-15 -4.03717e-16 32 
4 2.2 -1.10574 0.572303 1 -5.87225e-15 0 64 
4 2.2 -1.37054 0.599232 1 0 -1.61487e-15 128 
4 2.2 -1.36083 0.595254 1 0 -1.61487e-15 256 
4 2.2 -1.49229 0.639453 1 1.17445e-14 0 512 
4 2.2 -1.29638 0.585866 1 1.76168e-14 1.61487e-15 1024 
4 2.2 -1.81402 0.736956 1 1.17445e-14 -3.22974e-15 8 
4 2.2 -1.40605 0.638182 1 -2.3489e-14 1.61487e-15 16 
4 2.2 -0.713171 0.453242 1 0 0 32 
4 2.2 -1.3058 0.582828 1 0 0 64 
4 2.2 -1.34768 0.610974 1 1.17445e-14 0 128 
4 2.2 -1.37829 0.613004 1 0 0 256 
4 2.2 -1.41054 0.622326 1 0 0 512 
4 2.2 -0.936022 0.332174 1 -5.87225e-15 4.03717e-16 1024 
4 2.2 -0.880159 0.37895 1 0 -8.07435e-16 8 
4 2.2 -1.59068 0.664733 1 1.17445e-14 -1.61487e-15 16 
4 2.2 -1.61367 0.665797 1 0 1.61487e-15 32 
4 2.2 -0.861713 0.298604 1 0 0 64 
4 2.2 -1.16043 0.515324 1 -5.87225e-15 1.61487e-15 128 
4 2.2 -1.16327 0.509225 1 0 -1.61487e-15 256 
4 2.2 -1.35999 0.564125 1 1.17445e-14 0 512 
4 2.2 -1.50157 0.671138 1 1.17445e-14 1.61487e-15 1024 
4 2.2 -1.30403 0.638551 1 0 1.61487e-15 8 
4 2.2 -1.71354 0.748369 1 1.17445e-14 -3.22974e-15 16 
4 2.2 -1.25759 0.551951 1 -5.87225e-15 1.61487e-15 32 
4 2.2 -0.957186 0.421969 1 0 0 64 
4 2.2 -1.33968 0.627073 1 -1.17445e-14 0 128 
4 2.2 -0.684832 0.0950226 1 -5.87225e-15 5.04647e-17 256 
4 2.2 -1.07863 0.538436 1 5.87225e-15 1.61487e-15 512 
4 2.2 -1.19561 0.585805 1 -5.87225e-15 1.61487e-15 1024 
4 2.2 -1.35325 0.649663 1 -1.17445e-14 -1.61487e-15 8 
4 2.2 -1.92151 0.758985 1 -1.17445e-14 0 16 
4 2.2 -1.39904 0.599329 1 1.17445e-14 1.61487e-15 32 
4 2.2 -0.995184 0.525537 1 -5.87225e-15 -1.61487e-15 64 
4 2.2 -0.931581 0.476916 1 0 8.07435e-16 128 
4 2.2 -1.71885 0.733644 1 1.17445e-14 0 256 
4 2.2 -0.850022 0.477268 1 5.87225e-15 0 512 
4 2.2 -1.21486 0.516733 1 1.17445e-14 -1.61487e-15 1024 
4 2.2 -1.60053 0.717652 1 0 0 8 
4 2.2 -1.43043 0.654508 1 -1.17445e-14 -1.61487e-15 16 
4 2.2 -1.32168 0.665433 1 5.87225e-15 0 32 
4 2.2 -1.04805 0.523523 1 5.87225e-15 0 64 
4 2.2 -1.30397 0.589257 1 5.87225e-15 1.61487e-15 128 
4 2.2 -1.01642 0.516878 1 -1.17445e-14 1.61487e-15 256 
4 2.2 -1.11087 0.364751 1 -5.87225e-15 0 512 
4 2.2 -0.97182 0.486701 1 0 -8.07435e-16 1024 
4 2.2 -2.03311 0.793568 1 1.17445e-14 0 8 
4 2.2 -1.70495 0.719783 1 -1.17445e-14 0 16 
4 2.2 -1.54075 0.659386 1 0 0 32 
4 2.2 -0.864141 0.405318 1 -5.87225e-15 0 64 
4 2.2 -0.93901 0.527327 1 0 0 128 
4 2.2 -0.760554 0.417038 1 0 8.07435e-16 256 
4 2.2 -0.998917 0.52123 1 0 0 512 
4 2.2 -1.12684 0.540354 1 0 0 1024 
4 2.2 -1.52096 0.682133 1 -1.17445e-14 0 8 
4 2.2 -1.22306 0.596652 1 -5.87225e-15 -1.61487e-15 16 
4 2.2 -1.48338 0.656553 1 0 1.61487e-15 32 
4 2.2 -0.544001 0.28197 1 -2.93613e-15 0 64 
4 2.2 -1.17585 0.577212 1 -5.87225e-15 1.61487e-15 128 
4 2.2 -1.7146 0.715244 1 0 0 256 
4 2.2 -1.39863 0.635044 1 0 0 512 
4 2.2 -0.976489 0.480805 1 -5.87225e-15 8.07435e-16 1024 
4 2.2 -1.73682 0.715075 1 1.17445e-14 0 8 
4 2.2 -1.21343 0.451127 1 0 0 16 
4 2.2 -1.66965 0.667459 1 1.17445e-14 1.61487e-15 32 
4 2.2 -1.32474 0.604697 1 1.76168e-14 0 64 
4 2.2 -1.89193 0.768506 1 -1.17445e-14 0 128 
4 2.2 -0.981149 0.430399 1 -5.87225e-15 -8.07435e-16 256 
4 2.2 -0.923288 0.420577 1 -5.87225e-15 0 512 
4 2.2 -0.956394 0.458177 1 -5.87225e-15 8.07435e-16 1024 
4 2.2 -1.39899 0.584755 1 0 0 8 
4 2.2 -1.75596 0.7148 1 -1.17445e-14 0 16 
4 2.2 -1.39278 0.620026 1 0 0 32 
4 2.2 -1.11801 0.444867 1 -5.87225e-15 8.07435e-16 64 
4 2.2 -1.31915 0.611775 1 -5.87225e-15 0 128 
4 2.2 -1.91199 0.770939 1 1.17445e-14 0 256 
4 2.2 -1.1517 0.377382 1 0 0 512 
4 2.2 -1.52773 0.639551 1 0 -1.61487e-15 1024 
4 2.2 -1.28116 0.538645 1 -5.87225e-15 0 8 
4 2.2 -1.22709 0.600621 1 0 -1.61487e-15 16 
4 2.2 -0.978828 0.373765 1 5.87225e-15 0 32 
4 2.2 -1.81211 0.733426 1 -1.17445e-14 0 64 
4 2.2 -0.642768 0.326283 1 2.93613e-15 0 128 
4 2.2 -1.48462 0.682078 1 0 0 256 
4 2.2 -1.14019 0.544635 1 -5.87225e-15 -1.61487e-15 512 
4 2.2 -1.00294 0.420767 1 0 0 1024 
4 2.2 -1.83087 0.739993 1 -1.17445e-14 0 8 
4 2.2 -1.6534 0.694815 1 -2.3489e-14 1.61487e-15 16 
4 2.2 -1.29496 0.580081 1 5.87225e-15 0 32 
4 2.2 -1.45219 0.619421 1 -1.17445e-14 0 64 
4 2.2 -0.412294 0.215422 1 2.93613e-15 0 128 
4 2.2 -1.36085 0.623183 1 0 1.61487e-15 256 
4 2.2 -1.27144 0.580942 1 -5.87225e-15 1.61487e-15 512 
4 2.2 -1.40952 0.608161 1 0 -1.61487e-15 1024 
4 2.2 -1.61535 0.675167 1 -1.17445e-14 0 8 
4 2.2 -0.830914 0.405497 1 5.87225e-15 -8.07435e-16 16 
4 2.2 -1.28637 0.508852 1 -1.17445e-14 -1.61487e-15 32 
4 2.2 -1.04984 0.349046 1 1.17445e-14 4.03717e-16 64 
4 2.2 -1.07105 0.538973 1 5.87225e-15 0 128 
4 2.2 -0.798775 0.394347 1 -5.87225e-15 0 256 
4 2.2 -1.00408 0.471285 1 0 8.07435e-16 512 
4 2.2 -1.04863 0.397513 1 -5.87225e-15 0 1024 
4 2.2 -1.63681 0.699315 1 0 1.61487e-15 8 
4 2.2 -1.84092 0.744624 1 0 0 16 
4 2.2 -1.01537 0.384614 1 5.87225e-15 0 32 
4 2.2 -1.31078 0.623285 1 -1.76168e-14 1.61487e-15 64 
4 2.2 -1.47075 0.666497 1 -1.17445e-14 1.61487e-15 128 
4 2.2 -0.674554 0.159044 1 0 -1.00929e-16 256 
4 2.2 -0.634508 0.229732 1 -2.93613e-15 0 512 
4 2.2 -1.56495 0.682225 1 1.17445e-14 -1.61487e-15 1024 
4 2.2 -1.73317 0.731867 1 0 0 8 
4 2.2 -1.10292 0.529653 1 0 1.61487e-15 16 
4 2.2 -0.964347 0.412214 1 0 0 32 
4 2.2 -0.673247 0.368169 1 -5.87225e-15 8.07435e-16 64 
4 2.2 -0.843642 0.283546 1 0 4.03717e-16 128 
4 2.2 -1.14052 0.483162 1 -1.17445e-14 -8.07435e-16 256 
4 2.2 -1.11083 0.42025 1 5.87225e-15 8.07435e-16 512 
4 2.2 -1.45581 0.603755 1 1.17445e-14 -1.61487e-15 1024 
4 2.2 -1.58287 0.681762 1 0 1.61487e-15 8 
4 2.2 -1.18774 0.509066 1 0 0 16 
4 2.2 -1.36046 0.635957 1 0 -1.61487e-15 32 
4 2.2 -0.933274 0.439137 1 5.87225e-15 0 64 
4 2.2 -1.22956 0.514172 1 5.87225e-15 0 128 
4 2.2 -1.33104 0.574858 1 -5.87225e-15 0 256 
4 2.2 -1.11578 0.472234 1 5.87225e-15 0 512 
4 2.2 -1.46268 0.65348 1 -1.17445e-14 1.61487e-15 1024 
4 2.2 -1.6438 0.648463 1 0 1.61487e-15 8 
4 2.2 -1.7447 0.70461 1 0 1.61487e-15 16 
4 2.2 -1.7781 0.760865 1 -1.17445e-14 0 32 
4 2.2 -1.33702 0.5509 1 0 0 64 
4 2.2 -1.28149 0.573114 1 -5.87225e-15 1.61487e-15 128 
4 2.2 -1.09613 0.460764 1 5.87225e-15 0 256 
4 2.2 -1.55655 0.700613 1 1.17445e-14 0 512 
4 2.2 -1.66852 0.69527 1 1.17445e-14 -1.61487e-15 1024 
4 2.2 -2.16535 0.841218 1 0 3.22974e-15 8 
4 2.2 -0.824505 0.397086 1 -5.87225e-15 0 16 
4 2.2 -1.10359 0.532476 1 0 -1.61487e-15 32 
4 2.2 -1.22163 0.488786 1 5.87225e-15 0 64 
4 2.2 -1.18133 0.502954 1 0 1.61487e-15 128 
4 2.2 -1.75837 0.702294 1 -1.17445e-14 -1.61487e-15 256 
4 2.2 -1.4149 0.637088 1 -1.17445e-14 1.61487e-15 512 
4 2.2 -1.32201 0.660602 1 5.87225e-15 0 1024 
4 2.2 -1.86804 0.761642 1 0 0 8 
4 2.2 -1.32556 0.593443 1 1.17445e-14 0 16 
4 2.2 -1.46111 0.625406 1 0 1.61487e-15 32 
4 2.2 -0.631344 0.0826971 1 0 0 64 
4 2.2 -1.07907 0.312029 1 0 0 128 
4 2.2 -1.28641 0.580786 1 0 0 256 
4 2.2 -1.26031 0.528388 1 0 0 512 
4 2.2 -1.79913 0.698197 1 1.17445e-14 0 1024 
4 2.2 -1.82951 0.760347 1 1.17445e-14 0 8 
4 2.2 -1.04449 0.512565 1 -5.87225e-15 0 16 
4 2.2 -1.52387 0.647971 1 -1.17445e-14 0 32 
4 2.2 -1.0468 0.485616 1 0 -8.07435e-16 64 
4 2.2 -1.06963 0.458404 1 5.87225e-15 0 128 
4 2.2 -1.47924 0.644097 1 1.17445e-14 1.61487e-15 256 
4 2.2 -1.36536 0.632471 1 0 -1.61487e-15 512 
4 2.2 -1.04914 0.434085 1 -5.87225e-15 0 1024 
4 2.2 -1.96985 0.784948 1 0 0 8 
4 2.2 -1.54048 0.678346 1 0 -1.61487e-15 16 
4 2.2 -1.59292 0.678295 1 0 -1.61487e-15 32 
4 2.2 -0.676489 0.3183 1 5.87225e-15 -4.03717e-16 64 
4 2.2 -0.902881 0.40774 1 -1.17445e-14 0 128 
4 2.2 -1.26559 0.493595 1 0 0 256 
4 2.2 -1.84288 0.760969 1 0 0 512 
4 2.2 -1.50295 0.663242 1 -1.17445e-14 0 1024 
4 2.2 -1.3432 0.644669 1 0 1.61487e-15 8 
4 2.2 -1.41872 0.588102 1 0 1.61487e-15 16 
4 2.2 -0.889236 0.137464 1 0 0 32 
4 2.2 -0.856961 0.261282 1 -5.87225e-15 0 64 
4 2.2 -0.883347 0.148 1 5.87225e-15 0 128 
4 2.2 -1.23557 0.593629 1 1.17445e-14 0 256 
4 2.2 -1.10714 0.491605 1 0 -8.07435e-16 512 
4 2.2 -1.57621 0.683423 1 -1.17445e-14 0 1024 
4 2.2 -1.81355 0.72647 1 -1.17445e-14 0 8 
4 2.2 -0.912363 0.374687 1 0 0 16 
4 2.2 -0.988739 0.386687 1 0 0 32 
4 2.2 -0.98154 0.342427 1 0 4.03717e-16 64 
4 2.2 -1.12648 0.464876 1 -5.87225e-15 -8.07435e-16 128 
4 2.2 -1.61806 0.631154 1 1.17445e-14 1.61487e-15 256 
4 2.2 -1.60965 0.673379 1 0 0 512 
4 2.2 -1.05607 0.379648 1 0 0 1024 
4 2.2 -1.484 0.68157 1 1.17445e-14 -1.61487e-15 8 
4 2.2 -1.30975 0.580699 1 -5.87225e-15 0 16 
4 2.2 -2.03046 0.821788 1 0 0 32 
4 2.2 -1.10034 0.420281 1 5.87225e-15 -8.07435e-16 64 
4 2.2 -1.41033 0.618009 1 -1.17445e-14 -1.61487e-15 128 
4 2.2 -1.0139 0.478907 1 5.87225e-15 8.07435e-16 256 
4 2.2 -1.06569 0.602845 1 5.87225e-15 1.61487e-15 512 
4 2.2 -1.17148 0.439531 1 -5.87225e-15 8.07435e-16 1024 
4 2.2 -1.7572 0.722556 1 1.17445e-14 0 8 
4 2.2 -1.52836 0.602341 1 -1.17445e-14 0 16 
4 2.2 -1.66817 0.633709 1 2.3489e-14 -1.61487e-15 32 
4 2.2 -1.74113 0.674234 1 0 0 64 
4 2.2 -1.0248 0.548018 1 -5.87225e-15 0 128 
4 2.2 -0.373247 0.147083 1 0 0 256 
4 2.2 -0.829464 0.405703 1 0 0 512 
4 2.2 -1.42578 0.631946 1 0 1.61487e-15 1024 
4 2.2 -1.89918 0.761085 1 1.17445e-14 0 8 
4 2.2 -0.828369 0.441165 1 -5.87225e-15 0 16 
4 2.2 -1.44026 0.581113 1 0 1.61487e-15 32 
4 2.2 -0.838821 0.407087 1 -5.87225e-15 0 64 
4 2.2 -1.39423 0.57535 1 0 -1.61487e-15 128 
4 2.2 -1.39932 0.530327 1 1.17445e-14 -1.61487e-15 256 
4 2.2 -1.66996 0.7488 1 -1.17445e-14 0 512 
4 2.2 -1.34181 0.600208 1 -1.17445e-14 -1.61487e-15 1024 
4 2.2 -1.67873 0.691658 1 0 -1.61487e-15 8 
4 2.2 -0.861853 0.357877 1 -5.87225e-15 0 16 
4 2.2 -1.44253 0.674258 1 0 -1.61487e-15 32 
4 2.2 -1.08622 0.429433 1 0 0 64 
4 2.2 -0.950713 0.438017 1 0 0 128 
4 2.2 -1.34913 0.566904 1 -1.17445e-14 -1.61487e-15 256 
4 2.2 -1.22597 0.526743 1 5.87225e-15 -1.61487e-15 512 
4 2.2 -0.997275 0.42342 1 0 0 1024 
4 2.2 -1.9794 0.780651 1 1.17445e-14 3.22974e-15 8 
4 2.2 -1.35777 0.610561 1 0 0 16 
4 2.2 -1.32119 0.60565 1 -5.87225e-15 -1.61487e-15 32 
4 2.2 -1.45236 0.657338 1 0 1.61487e-15 64 
4 2.2 -1.31348 0.578065 1 5.87225e-15 0 128 
4 2.2 -0.988421 0.511586 1 0 -1.61487e-15 256 
4 2.2 -1.82517 0.712544 1 1.17445e-14 -3.22974e-15 512 
4 2.2 -1.43903 0.593853 1 0 0 1024 
4 2.2 -1.73121 0.73507 1 0 0 8 
4 2.2 -1.78763 0.694154 1 0 0 16 
4 2.2 -0.801673 0.404825 1 -1.17445e-14 0 32 
4 2.2 -0.752828 0.295544 1 0 -4.03717e-16 64 
4 2.2 -1.28774 0.522956 1 0 0 128 
4 2.2 -1.04842 0.361017 1 -5.87225e-15 -8.07435e-16 256 
4 2.2 -0.674151 0.398888 1 0 0 512 
4 2.2 -0.601411 0.208339 1 -2.93613e-15 0 1024 
4 2.2 -1.7696 0.746964 1 0 0 8 
4 2.2 -1.56294 0.635791 1 -1.17445e-14 0 16 
4 2.2 -0.886353 0.37296 1 0 8.07435e-16 32 
4 2.2 -1.89065 0.712763 1 1.17445e-14 0 64 
4 2.2 -1.60202 0.667821 1 0 0 128 
4 2.2 -0.769543 0.16335 1 5.87225e-15 -1.00929e-16 256 
4 2.2 -0.834074 0.376497 1 1.17445e-14 0 512 
4 2.2 -1.38735 0.623935 1 1.17445e-14 0 1024 
4 2.2 -1.25317 0.606688 1 0 -1.61487e-15 8 
4 2.2 -1.63406 0.719509 1 1.17445e-14 0 16 
4 2.2 -1.49959 0.656303 1 -2.3489e-14 -1.61487e-15 32 
4 2.2 -1.22376 0.463684 1 0 0 64 
4 2.2 -0.866686 0.483572 1 0 0 128 
4 2.2 -1.23608 0.533176 1 0 1.61487e-15 256 
4 2.2 -1.53706 0.654588 1 1.17445e-14 0 512 
4 2.2 -1.3129 0.585774 1 5.87225e-15 -1.61487e-15 1024 
4 2.2 -1.44562 0.633772 1 0 0 8 
4 2.2 -1.48448 0.599366 1 0 1.61487e-15 16 
4 2.2 -0.908257 0.340087 1 0 0 32 
4 2.2 -1.2713 0.601533 1 5.87225e-15 0 64 
4 2.2 -1.39615 0.615417 1 0 0 128 
4 2.2 -1.54557 0.6618 1 0 1.61487e-15 256 
4 2.2 -0.769946 0.252692 1 5.87225e-15 4.03717e-16 512 
4 2.2 -1.41437 0.619607 1 1.17445e-14 -1.61487e-15 1024 
4 2.2 -1.24243 0.600832 1 5.87225e-15 -1.61487e-15 8 
4 2.2 -1.50651 0.658956 1 -1.17445e-14 0 16 
4 2.2 -1.02681 0.483112 1 0 8.07435e-16 32 
4 2.2 -1.8776 0.779829 1 -1.17445e-14 -3.22974e-15 64 
4 2.2 -1.43467 0.664069 1 0 0 128 
4 2.2 -1.43225 0.633897 1 0 -1.61487e-15 256 
4 2.2 -0.997264 0.407539 1 -5.87225e-15 0 512 
4 2.2 -1.13054 0.552158 1 -5.87225e-15 1.61487e-15 1024 
4 2.2 -1.77009 0.673439 1 1.17445e-14 -1.61487e-15 8 
4 2.2 -1.84662 0.730254 1 -1.17445e-14 0 16 
4 2.2 -1.47447 0.580817 1 -1.17445e-14 0 32 
4 2.2 -0.772666 0.328411 1 -5.87225e-15 4.03717e-16 64 
4 2.2 -0.944857 0.496818 1 0 0 128 
4 2.2 -1.9124 0.717304 1 0 0 256 
4 2.2 -1.54673 0.621173 1 -1.17445e-14 0 512 
4 2.2 -1.21458 0.477112 1 -1.17445e-14 0 1024 
