8 2.2 -0.868056 0.196096 1 9.39561e-14 0 16 
8 2.2 -0.777015 0.151645 1 -4.6978e-14 8.07435e-16 32 
8 2.2 -0.826479 0.276969 1 4.6978e-14 -3.22974e-15 64 
8 2.2 -1.10672 0.50691 1 -4.6978e-14 0 128 
8 2.2 -1.26296 0.453163 1 0 6.45948e-15 256 
8 2.2 -1.11738 0.402515 1 -4.6978e-14 0 512 
8 2.2 -1.11808 0.356353 1 0 0 1024 
8 2.2 -1.05614 0.266205 1 0 0 2048 
8 2.2 -0.952132 0.331171 1 4.6978e-14 3.22974e-15 4096 
8 2.2 -0.890593 0.161195 1 0 8.07435e-16 16 
8 2.2 -0.980748 0.322999 1 4.6978e-14 3.22974e-15 32 
8 2.2 -1.08869 0.370477 1 4.6978e-14 0 64 
8 2.2 -1.06719 0.39179 1 0 0 128 
8 2.2 -1.30685 0.553521 1 0 0 256 
8 2.2 -1.04612 0.286553 1 -4.6978e-14 0 512 
8 2.2 -0.978831 0.257765 1 4.6978e-14 3.22974e-15 1024 
8 2.2 -0.97546 0.181362 1 4.6978e-14 0 2048 
8 2.2 -1.10858 0.425506 1 0 0 4096 
8 2.2 -0.91629 0.10312 1 0 0 16 
8 2.2 -0.88023 0.324014 1 0 -3.22974e-15 32 
8 2.2 -0.861567 0.185306 1 4.6978e-14 -1.61487e-15 64 
8 2.2 -1.03923 0.373624 1 4.6978e-14 6.45948e-15 128 
8 2.2 -0.969263 0.260472 1 4.6978e-14 0 256 
8 2.2 -1.05504 0.373528 1 4.6978e-14 -6.45948e-15 512 
8 2.2 -0.91829 0.316558 1 4.6978e-14 -3.22974e-15 1024 
8 2.2 -1.24085 0.469425 1 0 0 2048 
8 2.2 -0.973074 0.332357 1 0 0 4096 
8 2.2 -0.789447 0.135019 1 0 0 16 
8 2.2 -0.911991 0.105698 1 0 0 32 
8 2.2 -0.853048 0.248062 1 -4.6978e-14 1.61487e-15 64 
8 2.2 -0.946598 0.129735 1 4.6978e-14 0 128 
8 2.2 -1.20278 0.390626 1 0 6.45948e-15 256 
8 2.2 -1.05187 0.41271 1 -4.6978e-14 0 512 
8 2.2 -0.94163 0.304361 1 0 0 1024 
8 2.2 -1.08565 0.445208 1 -9.39561e-14 -6.45948e-15 2048 
8 2.2 -0.958699 0.305381 1 0 0 4096 
8 2.2 -0.798354 0.0994401 1 0 0 16 
8 2.2 -0.912199 0.372418 1 -4.6978e-14 -6.45948e-15 32 
8 2.2 -0.99208 0.200214 1 -4.6978e-14 0 64 
8 2.2 -0.922537 0.310347 1 0 -3.22974e-15 128 
8 2.2 -1.08469 0.415418 1 0 0 256 
8 2.2 -1.05493 0.35015 1 0 -3.22974e-15 512 
8 2.2 -1.24804 0.525482 1 0 1.2919e-14 1024 
8 2.2 -1.05953 0.422129 1 4.6978e-14 -6.45948e-15 2048 
8 2.2 -1.11739 0.430667 1 0 -6.45948e-15 4096 
8 2.2 -0.974951 0.193493 1 0 0 16 
8 2.2 -0.923521 0.0258973 1 0 0 32 
8 2.2 -1.16054 0.379905 1 -9.39561e-14 -6.45948e-15 64 
8 2.2 -0.976052 0.339125 1 -4.6978e-14 0 128 
8 2.2 -1.06152 0.368041 1 -4.6978e-14 0 256 
8 2.2 -1.04273 0.36443 1 4.6978e-14 0 512 
8 2.2 -1.13354 0.443423 1 4.6978e-14 -6.45948e-15 1024 
8 2.2 -1.15737 0.365788 1 -1.40934e-13 0 2048 
8 2.2 -1.14376 0.416494 1 0 0 4096 
8 2.2 -0.925809 0.266897 1 4.6978e-14 -3.22974e-15 16 
8 2.2 -0.991631 0.297303 1 9.39561e-14 0 32 
8 2.2 -1.13829 0.449567 1 4.6978e-14 -6.45948e-15 64 
8 2.2 -0.924788 0.0744658 1 0 -2.01859e-16 128 
8 2.2 -1.03755 0.436742 1 0 6.45948e-15 256 
8 2.2 -0.902254 0.133694 1 -9.39561e-14 -8.07435e-16 512 
8 2.2 -0.791019 0.241947 1 4.6978e-14 -1.61487e-15 1024 
8 2.2 -1.08827 0.399435 1 -9.39561e-14 0 2048 
8 2.2 -1.03836 0.380654 1 0 0 4096 
8 2.2 -0.907589 0.271888 1 4.6978e-14 -3.22974e-15 16 
8 2.2 -1.10533 0.278677 1 0 -3.22974e-15 32 
8 2.2 -0.848674 0.0808493 1 0 0 64 
8 2.2 -0.992613 0.357011 1 4.6978e-14 0 128 
8 2.2 -1.1359 0.34697 1 4.6978e-14 3.22974e-15 256 
8 2.2 -1.12474 0.458476 1 -9.39561e-14 0 512 
8 2.2 -0.867903 0.254692 1 0 3.22974e-15 1024 
8 2.2 -0.850194 0.255904 1 0 0 2048 
8 2.2 -1.33022 0.504424 1 4.6978e-14 1.2919e-14 4096 
8 2.2 -0.774558 0.160525 1 -4.6978e-14 0 16 
8 2.2 -1.15682 0.446572 1 -4.6978e-14 0 32 
8 2.2 -0.772149 0.0911268 1 -4.6978e-14 4.03717e-16 64 
8 2.2 -1.18177 0.438789 1 0 0 128 
8 2.2 -1.27437 0.519029 1 -9.39561e-14 1.2919e-14 256 
8 2.2 -0.968128 0.3546 1 0 6.45948e-15 512 
8 2.2 -1.13133 0.365836 1 9.39561e-14 -6.45948e-15 1024 
8 2.2 -1.24025 0.528295 1 -9.39561e-14 1.2919e-14 2048 
8 2.2 -1.01566 0.397 1 4.6978e-14 0 4096 
8 2.2 -0.833163 0.159147 1 0 8.07435e-16 16 
8 2.2 -1.01813 0.305228 1 0 -3.22974e-15 32 
8 2.2 -0.89424 0.159191 1 4.6978e-14 0 64 
8 2.2 -1.11831 0.305827 1 -4.6978e-14 3.22974e-15 128 
8 2.2 -1.18404 0.482344 1 -4.6978e-14 -6.45948e-15 256 
8 2.2 -1.01041 0.348736 1 0 3.22974e-15 512 
8 2.2 -1.01349 0.425104 1 4.6978e-14 0 1024 
8 2.2 -0.872914 0.268305 1 -4.6978e-14 0 2048 
8 2.2 -1.15574 0.416092 1 9.39561e-14 0 4096 
8 2.2 -0.981873 0.211119 1 0 0 16 
8 2.2 -0.767421 0.0942164 1 -4.6978e-14 0 32 
8 2.2 -0.978062 0.334913 1 -9.39561e-14 -3.22974e-15 64 
8 2.2 -0.912749 0.288902 1 0 -3.22974e-15 128 
8 2.2 -1.09997 0.390466 1 0 0 256 
8 2.2 -0.903657 0.215868 1 0 0 512 
8 2.2 -1.07767 0.411891 1 4.6978e-14 0 1024 
8 2.2 -0.982799 0.356045 1 -9.39561e-14 0 2048 
8 2.2 -0.887468 0.312411 1 -4.6978e-14 -3.22974e-15 4096 
8 2.2 -0.836573 0.132861 1 0 0 16 
8 2.2 -0.866388 0.183235 1 4.6978e-14 1.61487e-15 32 
8 2.2 -0.782546 0.231196 1 0 0 64 
8 2.2 -1.19945 0.473383 1 -9.39561e-14 6.45948e-15 128 
8 2.2 -0.99 0.327832 1 -9.39561e-14 3.22974e-15 256 
8 2.2 -0.861765 0.320947 1 0 -3.22974e-15 512 
8 2.2 -1.10338 0.421431 1 0 6.45948e-15 1024 
8 2.2 -1.06504 0.430664 1 0 -6.45948e-15 2048 
8 2.2 -1.16015 0.465268 1 4.6978e-14 -6.45948e-15 4096 
8 2.2 -0.830904 0.177681 1 4.6978e-14 0 16 
8 2.2 -0.845692 0.240066 1 4.6978e-14 1.61487e-15 32 
8 2.2 -1.19468 0.471014 1 0 0 64 
8 2.2 -1.04858 0.411039 1 0 6.45948e-15 128 
8 2.2 -1.09859 0.37102 1 -9.39561e-14 0 256 
8 2.2 -0.963648 0.376696 1 -9.39561e-14 0 512 
8 2.2 -1.14192 0.450679 1 0 -6.45948e-15 1024 
8 2.2 -1.19555 0.41046 1 -4.6978e-14 0 2048 
8 2.2 -0.789322 0.201665 1 -4.6978e-14 0 4096 
8 2.2 -0.840345 0.256448 1 0 0 16 
8 2.2 -0.986801 0.0687302 1 9.39561e-14 0 32 
8 2.2 -1.11266 0.430143 1 0 6.45948e-15 64 
8 2.2 -0.911383 0.155077 1 0 8.07435e-16 128 
8 2.2 -0.985683 0.270349 1 0 -3.22974e-15 256 
8 2.2 -0.91743 0.298616 1 0 -3.22974e-15 512 
8 2.2 -0.974867 0.332489 1 4.6978e-14 0 1024 
8 2.2 -1.38768 0.515924 1 0 0 2048 
8 2.2 -1.18854 0.459854 1 4.6978e-14 0 4096 
8 2.2 -0.901214 0.0835262 1 4.6978e-14 -2.01859e-16 16 
8 2.2 -0.934056 0.354596 1 4.6978e-14 0 32 
8 2.2 -0.905918 0.293289 1 4.6978e-14 3.22974e-15 64 
8 2.2 -1.10428 0.394028 1 -4.6978e-14 0 128 
8 2.2 -0.994842 0.297057 1 0 3.22974e-15 256 
8 2.2 -1.07643 0.370091 1 4.6978e-14 -6.45948e-15 512 
8 2.2 -0.993146 0.404731 1 0 -6.45948e-15 1024 
8 2.2 -0.923097 0.287319 1 0 0 2048 
8 2.2 -1.00715 0.364135 1 0 6.45948e-15 4096 
8 2.2 -0.878414 0.220522 1 4.6978e-14 1.61487e-15 16 
8 2.2 -0.980567 0.351928 1 9.39561e-14 3.22974e-15 32 
8 2.2 -1.10817 0.422933 1 0 0 64 
8 2.2 -0.948533 0.319736 1 4.6978e-14 -3.22974e-15 128 
8 2.2 -1.25763 0.447924 1 -4.6978e-14 -6.45948e-15 256 
8 2.2 -1.23835 0.504365 1 -9.39561e-14 0 512 
8 2.2 -1.16764 0.422927 1 0 0 1024 
8 2.2 -1.01597 0.358502 1 -9.39561e-14 6.45948e-15 2048 
8 2.2 -1.16003 0.369742 1 0 0 4096 
8 2.2 -1.11334 0.403997 1 0 6.45948e-15 16 
8 2.2 -0.804508 0.281937 1 -9.39561e-14 0 32 
8 2.2 -1.03294 0.356899 1 4.6978e-14 0 64 
8 2.2 -1.1159 0.37161 1 4.6978e-14 0 128 
8 2.2 -0.983888 0.331633 1 0 -3.22974e-15 256 
8 2.2 -1.22723 0.467543 1 4.6978e-14 6.45948e-15 512 
8 2.2 -1.03351 0.390149 1 4.6978e-14 0 1024 
8 2.2 -0.7303 0.20012 1 4.6978e-14 0 2048 
8 2.2 -0.988568 0.33853 1 0 0 4096 
8 2.2 -0.868815 0.167329 1 -4.6978e-14 -8.07435e-16 16 
8 2.2 -1.08174 0.345038 1 -4.6978e-14 -3.22974e-15 32 
8 2.2 -1.19282 0.459395 1 4.6978e-14 0 64 
8 2.2 -1.25616 0.444126 1 9.39561e-14 -6.45948e-15 128 
8 2.2 -0.806319 0.149191 1 4.6978e-14 8.07435e-16 256 
8 2.2 -1.24853 0.531953 1 4.6978e-14 -1.2919e-14 512 
8 2.2 -0.91506 0.267867 1 0 -3.22974e-15 1024 
8 2.2 -0.960781 0.37285 1 -1.40934e-13 0 2048 
8 2.2 -1.02239 0.322358 1 -4.6978e-14 0 4096 
8 2.2 -0.765768 0.0518748 1 4.6978e-14 -1.00929e-16 16 
8 2.2 -0.837461 0.212656 1 9.39561e-14 1.61487e-15 32 
8 2.2 -1.02151 0.273673 1 4.6978e-14 0 64 
8 2.2 -0.911455 0.304155 1 4.6978e-14 0 128 
8 2.2 -1.02745 0.389822 1 -4.6978e-14 0 256 
8 2.2 -1.09633 0.392395 1 -4.6978e-14 6.45948e-15 512 
8 2.2 -1.08517 0.361045 1 -4.6978e-14 -6.45948e-15 1024 
8 2.2 -1.064 0.356852 1 -4.6978e-14 0 2048 
8 2.2 -0.968889 0.312624 1 0 3.22974e-15 4096 
8 2.2 -0.878418 0.18782 1 4.6978e-14 1.61487e-15 16 
8 2.2 -0.883078 0.242544 1 4.6978e-14 1.61487e-15 32 
8 2.2 -1.09499 0.463809 1 -4.6978e-14 -6.45948e-15 64 
8 2.2 -0.988848 0.339794 1 4.6978e-14 0 128 
8 2.2 -1.02244 0.354458 1 0 0 256 
8 2.2 -1.2879 0.523413 1 -9.39561e-14 1.2919e-14 512 
8 2.2 -1.14291 0.482225 1 0 0 1024 
8 2.2 -0.881589 0.324094 1 4.6978e-14 0 2048 
8 2.2 -1.09521 0.434315 1 0 0 4096 
8 2.2 -0.77238 0.102722 1 4.6978e-14 0 16 
8 2.2 -0.995468 0.185963 1 -9.39561e-14 -1.61487e-15 32 
8 2.2 -0.948654 0.246427 1 0 0 64 
8 2.2 -1.12825 0.424016 1 0 -6.45948e-15 128 
8 2.2 -1.06387 0.381799 1 4.6978e-14 -6.45948e-15 256 
8 2.2 -0.911334 0.370282 1 -4.6978e-14 0 512 
8 2.2 -0.94225 0.336618 1 0 0 1024 
8 2.2 -0.832438 0.223489 1 4.6978e-14 1.61487e-15 2048 
8 2.2 -0.970895 0.186778 1 9.39561e-14 0 4096 
8 2.2 -0.741865 0.0340649 1 0 0 16 
8 2.2 -1.07312 0.387984 1 4.6978e-14 0 32 
8 2.2 -0.988578 0.395628 1 4.6978e-14 0 64 
8 2.2 -1.05254 0.384923 1 0 0 128 
8 2.2 -1.17837 0.508079 1 4.6978e-14 1.2919e-14 256 
8 2.2 -1.05639 0.397619 1 -4.6978e-14 0 512 
8 2.2 -1.30789 0.506523 1 4.6978e-14 -1.2919e-14 1024 
8 2.2 -0.828467 0.247684 1 0 -1.61487e-15 2048 
8 2.2 -0.818732 0.282721 1 -9.39561e-14 -3.22974e-15 4096 
8 2.2 -0.926796 0.253047 1 -4.6978e-14 0 16 
8 2.2 -1.02492 0.352492 1 0 3.22974e-15 32 
8 2.2 -1.05153 0.341148 1 -4.6978e-14 -3.22974e-15 64 
8 2.2 -1.29319 0.479408 1 -9.39561e-14 0 128 
8 2.2 -0.907702 0.28704 1 -4.6978e-14 0 256 
8 2.2 -1.18048 0.499505 1 0 0 512 
8 2.2 -1.15237 0.45418 1 4.6978e-14 0 1024 
8 2.2 -1.13526 0.480368 1 4.6978e-14 6.45948e-15 2048 
8 2.2 -0.997928 0.371476 1 4.6978e-14 0 4096 
8 2.2 -0.89671 0.114969 1 4.6978e-14 4.03717e-16 16 
8 2.2 -0.944404 0.319539 1 4.6978e-14 3.22974e-15 32 
8 2.2 -0.991878 0.242965 1 4.6978e-14 0 64 
8 2.2 -0.880828 0.240658 1 0 -1.61487e-15 128 
8 2.2 -0.877348 0.224197 1 0 1.61487e-15 256 
8 2.2 -1.06211 0.454181 1 0 0 512 
8 2.2 -1.11265 0.491174 1 -4.6978e-14 0 1024 
8 2.2 -1.20045 0.480266 1 -9.39561e-14 -6.45948e-15 2048 
8 2.2 -1.15564 0.469033 1 4.6978e-14 -6.45948e-15 4096 
8 2.2 -1.03963 0.256508 1 0 3.22974e-15 16 
8 2.2 -0.981753 0.350354 1 4.6978e-14 3.22974e-15 32 
8 2.2 -0.819497 0.197599 1 -4.6978e-14 0 64 
8 2.2 -1.01883 0.349477 1 -4.6978e-14 -3.22974e-15 128 
8 2.2 -1.16318 0.482218 1 9.39561e-14 0 256 
8 2.2 -1.18064 0.462044 1 -4.6978e-14 0 512 
8 2.2 -1.13715 0.426189 1 4.6978e-14 0 1024 
8 2.2 -1.23244 0.549748 1 0 0 2048 
8 2.2 -1.08214 0.256089 1 0 0 4096 
8 2.2 -0.807437 0.0582555 1 4.6978e-14 -1.00929e-16 16 
8 2.2 -0.942917 0.31592 1 0 -3.22974e-15 32 
8 2.2 -0.8315 0.154992 1 -4.6978e-14 -8.07435e-16 64 
8 2.2 -0.999777 0.26735 1 0 -3.22974e-15 128 
8 2.2 -1.26561 0.510125 1 0 -1.2919e-14 256 
8 2.2 -1.02447 0.249138 1 0 1.61487e-15 512 
8 2.2 -0.989075 0.382096 1 0 0 1024 
8 2.2 -1.1801 0.463669 1 -9.39561e-14 6.45948e-15 2048 
8 2.2 -1.0274 0.396915 1 0 6.45948e-15 4096 
8 2.2 -0.872748 0.226249 1 4.6978e-14 1.61487e-15 16 
8 2.2 -1.0359 0.396606 1 0 -6.45948e-15 32 
8 2.2 -1.13463 0.4446 1 0 -6.45948e-15 64 
8 2.2 -1.14434 0.44785 1 4.6978e-14 0 128 
8 2.2 -1.33581 0.556219 1 9.39561e-14 0 256 
8 2.2 -1.05262 0.344203 1 -9.39561e-14 0 512 
8 2.2 -0.946093 0.206446 1 -4.6978e-14 0 1024 
8 2.2 -0.942122 0.297407 1 0 -3.22974e-15 2048 
8 2.2 -1.27319 0.525675 1 0 1.2919e-14 4096 
8 2.2 -0.823556 0.243247 1 0 0 16 
8 2.2 -0.936108 0.254261 1 -4.6978e-14 0 32 
8 2.2 -0.849073 0.277442 1 0 0 64 
8 2.2 -0.948848 0.329067 1 0 0 128 
8 2.2 -0.939153 0.348995 1 4.6978e-14 -3.22974e-15 256 
8 2.2 -1.16016 0.407395 1 -4.6978e-14 6.45948e-15 512 
8 2.2 -0.905226 0.318656 1 0 3.22974e-15 1024 
8 2.2 -1.2223 0.471185 1 4.6978e-14 6.45948e-15 2048 
8 2.2 -1.18169 0.50795 1 -9.39561e-14 1.2919e-14 4096 
8 2.2 -0.874803 0.0683057 1 0 0 16 
8 2.2 -1.25607 0.514531 1 0 0 32 
8 2.2 -0.920077 0.310772 1 0 0 64 
8 2.2 -0.827199 0.222086 1 0 0 128 
8 2.2 -0.988322 0.396086 1 0 0 256 
8 2.2 -1.10798 0.277207 1 4.6978e-14 0 512 
8 2.2 -1.03417 0.240656 1 0 1.61487e-15 1024 
8 2.2 -0.848829 0.221003 1 -4.6978e-14 -1.61487e-15 2048 
8 2.2 -0.939813 0.172988 1 0 -8.07435e-16 4096 
8 2.2 -1.06479 0.400007 1 0 -6.45948e-15 16 
8 2.2 -1.08997 0.357433 1 4.6978e-14 0 32 
8 2.2 -1.20058 0.435196 1 -9.39561e-14 0 64 
8 2.2 -1.31006 0.51154 1 -4.6978e-14 0 128 
8 2.2 -1.32621 0.574151 1 0 -1.2919e-14 256 
8 2.2 -1.17574 0.460689 1 -4.6978e-14 -6.45948e-15 512 
8 2.2 -1.02455 0.361121 1 -1.40934e-13 0 1024 
8 2.2 -1.13588 0.437107 1 0 0 2048 
8 2.2 -1.0548 0.334649 1 -4.6978e-14 -3.22974e-15 4096 
8 2.2 -0.996904 0.161327 1 0 -8.07435e-16 16 
8 2.2 -0.765083 0.0715667 1 9.39561e-14 0 32 
8 2.2 -1.14838 0.39044 1 0 0 64 
8 2.2 -1.10158 0.436833 1 0 0 128 
8 2.2 -1.17281 0.471893 1 4.6978e-14 0 256 
8 2.2 -0.947519 0.213073 1 0 1.61487e-15 512 
8 2.2 -1.20302 0.43634 1 -9.39561e-14 6.45948e-15 1024 
8 2.2 -0.871497 0.345221 1 4.6978e-14 -3.22974e-15 2048 
8 2.2 -1.2256 0.49796 1 -4.6978e-14 0 4096 
8 2.2 -0.840966 0.18226 1 -9.39561e-14 1.61487e-15 16 
8 2.2 -0.937811 0.148346 1 0 -8.07435e-16 32 
8 2.2 -0.773293 0.0619915 1 0 0 64 
8 2.2 -1.06474 0.313011 1 0 -3.22974e-15 128 
8 2.2 -0.983623 0.364448 1 4.6978e-14 0 256 
8 2.2 -1.15822 0.456562 1 0 6.45948e-15 512 
8 2.2 -1.26836 0.506964 1 4.6978e-14 0 1024 
8 2.2 -1.19932 0.448924 1 4.6978e-14 -6.45948e-15 2048 
8 2.2 -0.893385 0.285054 1 -4.6978e-14 3.22974e-15 4096 
8 2.2 -0.944142 0.348981 1 4.6978e-14 3.22974e-15 16 
8 2.2 -0.848578 0.124366 1 4.6978e-14 -4.03717e-16 32 
8 2.2 -1.08421 0.422558 1 4.6978e-14 0 64 
8 2.2 -1.17037 0.460497 1 4.6978e-14 0 128 
8 2.2 -1.30982 0.491507 1 0 6.45948e-15 256 
8 2.2 -0.972517 0.124213 1 0 0 512 
8 2.2 -1.14595 0.472375 1 4.6978e-14 6.45948e-15 1024 
8 2.2 -0.992356 0.303244 1 -9.39561e-14 0 2048 
8 2.2 -1.14045 0.441937 1 -4.6978e-14 -6.45948e-15 4096 
8 2.2 -0.823429 0.13756 1 4.6978e-14 -8.07435e-16 16 
8 2.2 -0.886065 0.259616 1 4.6978e-14 -3.22974e-15 32 
8 2.2 -1.0698 0.452543 1 4.6978e-14 0 64 
8 2.2 -1.06463 0.482775 1 0 -6.45948e-15 128 
8 2.2 -1.05227 0.391332 1 0 -6.45948e-15 256 
8 2.2 -1.18082 0.400056 1 4.6978e-14 0 512 
8 2.2 -0.980397 0.414237 1 -4.6978e-14 0 1024 
8 2.2 -0.939712 0.361231 1 0 6.45948e-15 2048 
8 2.2 -0.932004 0.227135 1 0 1.61487e-15 4096 
8 2.2 -0.876054 0.171271 1 0 0 16 
8 2.2 -0.932539 0.0897422 1 0 4.03717e-16 32 
8 2.2 -1.36433 0.564482 1 0 1.2919e-14 64 
8 2.2 -0.932112 0.20742 1 0 0 128 
8 2.2 -1.00021 0.290115 1 0 0 256 
8 2.2 -1.01819 0.241957 1 0 0 512 
8 2.2 -1.01781 0.349012 1 0 0 1024 
8 2.2 -1.12615 0.449434 1 0 0 2048 
8 2.2 -0.88347 0.273622 1 -9.39561e-14 -3.22974e-15 4096 
8 2.2 -0.807924 0.174371 1 4.6978e-14 0 16 
8 2.2 -0.88939 0.196441 1 0 -1.61487e-15 32 
8 2.2 -1.05718 0.348019 1 0 -3.22974e-15 64 
8 2.2 -1.14624 0.384464 1 -4.6978e-14 0 128 
8 2.2 -0.859013 0.236845 1 0 1.61487e-15 256 
8 2.2 -1.09027 0.457745 1 0 0 512 
8 2.2 -1.11066 0.394834 1 0 -6.45948e-15 1024 
8 2.2 -0.990618 0.369486 1 -9.39561e-14 -6.45948e-15 2048 
8 2.2 -1.21565 0.430811 1 4.6978e-14 0 4096 
8 2.2 -0.918354 0.166521 1 -4.6978e-14 0 16 
8 2.2 -0.895307 0.232294 1 0 0 32 
8 2.2 -1.30173 0.448524 1 0 -6.45948e-15 64 
8 2.2 -0.994829 0.347641 1 -4.6978e-14 3.22974e-15 128 
8 2.2 -0.945031 0.301397 1 -9.39561e-14 3.22974e-15 256 
8 2.2 -1.08792 0.441452 1 4.6978e-14 -6.45948e-15 512 
8 2.2 -1.18151 0.476034 1 0 -6.45948e-15 1024 
8 2.2 -1.30315 0.511019 1 -9.39561e-14 0 2048 
8 2.2 -1.31844 0.562769 1 0 0 4096 
8 2.2 -0.807827 0.0789764 1 0 -2.01859e-16 16 
8 2.2 -1.09158 0.361265 1 4.6978e-14 6.45948e-15 32 
8 2.2 -0.997796 0.330627 1 -4.6978e-14 0 64 
8 2.2 -0.782602 0.195714 1 0 0 128 
8 2.2 -1.13043 0.467695 1 9.39561e-14 0 256 
8 2.2 -1.00045 0.356918 1 0 0 512 
8 2.2 -0.974539 0.355642 1 4.6978e-14 6.45948e-15 1024 
8 2.2 -0.96495 0.326736 1 -9.39561e-14 -3.22974e-15 2048 
8 2.2 -1.10025 0.452445 1 4.6978e-14 0 4096 
8 2.2 -0.886639 0.160797 1 -1.40934e-13 8.07435e-16 16 
8 2.2 -0.75279 0.0921424 1 0 0 32 
8 2.2 -1.08575 0.298501 1 4.6978e-14 0 64 
8 2.2 -1.08218 0.425077 1 -4.6978e-14 -6.45948e-15 128 
8 2.2 -1.27508 0.459918 1 -4.6978e-14 -6.45948e-15 256 
8 2.2 -1.1054 0.429337 1 0 -6.45948e-15 512 
8 2.2 -1.13594 0.412566 1 -4.6978e-14 6.45948e-15 1024 
8 2.2 -1.04327 0.382529 1 -4.6978e-14 0 2048 
8 2.2 -1.00451 0.416753 1 0 0 4096 
8 2.2 -0.862449 0.16948 1 9.39561e-14 -8.07435e-16 16 
8 2.2 -0.960604 0.152186 1 -4.6978e-14 -8.07435e-16 32 
8 2.2 -0.880013 0.177013 1 0 0 64 
8 2.2 -1.06269 0.354971 1 0 6.45948e-15 128 
8 2.2 -0.967946 0.360753 1 4.6978e-14 6.45948e-15 256 
8 2.2 -1.20194 0.392206 1 4.6978e-14 -6.45948e-15 512 
8 2.2 -0.978926 0.293708 1 0 0 1024 
8 2.2 -1.04211 0.363333 1 0 0 2048 
8 2.2 -0.935441 0.256526 1 4.6978e-14 3.22974e-15 4096 
8 2.2 -0.838603 0.111329 1 0 0 16 
8 2.2 -0.922067 0.305601 1 -4.6978e-14 -3.22974e-15 32 
8 2.2 -0.981526 0.310911 1 0 3.22974e-15 64 
8 2.2 -1.12029 0.383935 1 -4.6978e-14 0 128 
8 2.2 -1.1429 0.445553 1 0 0 256 
8 2.2 -1.14101 0.445429 1 0 0 512 
8 2.2 -1.26883 0.537969 1 9.39561e-14 1.2919e-14 1024 
8 2.2 -1.06132 0.422423 1 0 6.45948e-15 2048 
8 2.2 -1.05884 0.417502 1 -9.39561e-14 0 4096 
8 2.2 -0.840564 0.0516162 1 4.6978e-14 1.00929e-16 16 
8 2.2 -0.907724 0.244173 1 4.6978e-14 1.61487e-15 32 
8 2.2 -1.20301 0.472765 1 -4.6978e-14 -6.45948e-15 64 
8 2.2 -1.00132 0.250752 1 9.39561e-14 0 128 
8 2.2 -1.2171 0.450145 1 0 6.45948e-15 256 
8 2.2 -0.963591 0.299062 1 -4.6978e-14 3.22974e-15 512 
8 2.2 -0.908339 0.303324 1 0 3.22974e-15 1024 
8 2.2 -1.08429 0.412985 1 0 0 2048 
8 2.2 -1.09582 0.381815 1 4.6978e-14 0 4096 
8 2.2 -0.754251 0.140076 1 0 -8.07435e-16 16 
8 2.2 -0.902736 0.036978 1 0 5.04647e-17 32 
8 2.2 -0.813478 0.0907498 1 0 4.03717e-16 64 
8 2.2 -1.17946 0.44508 1 4.6978e-14 6.45948e-15 128 
8 2.2 -1.04365 0.317085 1 -4.6978e-14 -3.22974e-15 256 
8 2.2 -1.16322 0.501718 1 0 -1.2919e-14 512 
8 2.2 -0.919505 0.187733 1 0 1.61487e-15 1024 
8 2.2 -1.17514 0.422421 1 0 -6.45948e-15 2048 
8 2.2 -0.948767 0.217623 1 9.39561e-14 1.61487e-15 4096 
8 2.2 -0.885455 0.215208 1 0 1.61487e-15 16 
8 2.2 -0.945258 0.26072 1 0 0 32 
8 2.2 -0.777865 0.0875501 1 0 2.01859e-16 64 
8 2.2 -0.866661 0.228461 1 4.6978e-14 0 128 
8 2.2 -1.25904 0.512419 1 -4.6978e-14 1.2919e-14 256 
8 2.2 -1.27395 0.457238 1 4.6978e-14 -6.45948e-15 512 
8 2.2 -0.925785 0.160699 1 -4.6978e-14 -8.07435e-16 1024 
8 2.2 -0.930298 0.296447 1 4.6978e-14 -3.22974e-15 2048 
8 2.2 -1.1351 0.41336 1 0 0 4096 
8 2.2 -0.927295 0.231013 1 4.6978e-14 0 16 
8 2.2 -0.989797 0.333042 1 0 3.22974e-15 32 
8 2.2 -1.261 0.541835 1 0 -1.2919e-14 64 
8 2.2 -0.990425 0.35549 1 -4.6978e-14 0 128 
8 2.2 -1.07152 0.467537 1 4.6978e-14 6.45948e-15 256 
8 2.2 -1.00338 0.365244 1 0 0 512 
8 2.2 -1.21644 0.507948 1 -4.6978e-14 0 1024 
8 2.2 -0.966026 0.315904 1 0 -3.22974e-15 2048 
8 2.2 -1.08255 0.251438 1 4.6978e-14 3.22974e-15 4096 
8 2.2 -0.891108 0.333648 1 -4.6978e-14 3.22974e-15 16 
8 2.2 -1.0566 0.402757 1 -9.39561e-14 6.45948e-15 32 
8 2.2 -1.02423 0.3315 1 0 0 64 
8 2.2 -0.904458 0.242665 1 0 1.61487e-15 128 
8 2.2 -1.13993 0.409664 1 -9.39561e-14 0 256 
8 2.2 -0.98359 0.266011 1 0 -3.22974e-15 512 
8 2.2 -1.07924 0.405625 1 0 6.45948e-15 1024 
8 2.2 -1.0338 0.415363 1 0 -6.45948e-15 2048 
8 2.2 -0.891059 0.273839 1 4.6978e-14 -3.22974e-15 4096 
8 2.2 -1.0469 0.17705 1 9.39561e-14 0 16 
8 2.2 -0.897771 0.278279 1 -4.6978e-14 0 32 
8 2.2 -1.10899 0.437087 1 4.6978e-14 6.45948e-15 64 
8 2.2 -1.03276 0.339793 1 0 -3.22974e-15 128 
8 2.2 -0.92945 0.25627 1 0 0 256 
8 2.2 -1.11533 0.429318 1 0 6.45948e-15 512 
8 2.2 -1.25771 0.504933 1 4.6978e-14 0 1024 
8 2.2 -1.15951 0.443311 1 -4.6978e-14 0 2048 
8 2.2 -1.2945 0.519951 1 -1.40934e-13 1.2919e-14 4096 
8 2.2 -0.897945 0.134704 1 -4.6978e-14 -8.07435e-16 16 
8 2.2 -0.85692 0.0881788 1 0 -2.01859e-16 32 
8 2.2 -1.15809 0.474732 1 -4.6978e-14 -6.45948e-15 64 
8 2.2 -0.810482 0.275 1 0 -3.22974e-15 128 
8 2.2 -1.27705 0.502105 1 4.6978e-14 0 256 
8 2.2 -0.77931 0.148873 1 -4.6978e-14 -8.07435e-16 512 
8 2.2 -1.14869 0.45785 1 4.6978e-14 -6.45948e-15 1024 
8 2.2 -1.0913 0.424219 1 -4.6978e-14 0 2048 
8 2.2 -1.0912 0.381422 1 4.6978e-14 -6.45948e-15 4096 
8 2.2 -0.860529 0.130458 1 0 -8.07435e-16 16 
8 2.2 -0.800026 0.218097 1 4.6978e-14 0 32 
8 2.2 -0.919248 0.0194402 1 4.6978e-14 -1.26162e-17 64 
8 2.2 -0.845385 0.215816 1 4.6978e-14 -1.61487e-15 128 
8 2.2 -0.873843 0.178564 1 4.6978e-14 0 256 
8 2.2 -0.88562 0.146723 1 0 0 512 
8 2.2 -0.833241 0.0755987 1 0 2.01859e-16 1024 
8 2.2 -0.839508 0.250519 1 4.6978e-14 3.22974e-15 2048 
8 2.2 -1.0044 0.389951 1 9.39561e-14 0 4096 
8 2.2 -0.920971 0.0766175 1 0 2.01859e-16 16 
8 2.2 -0.914644 0.109476 1 0 0 32 
8 2.2 -1.05274 0.416744 1 0 6.45948e-15 64 
8 2.2 -1.06801 0.343752 1 0 0 128 
8 2.2 -1.11214 0.472613 1 0 0 256 
8 2.2 -1.28957 0.546698 1 0 -1.2919e-14 512 
8 2.2 -1.08731 0.365005 1 -9.39561e-14 -6.45948e-15 1024 
8 2.2 -1.12054 0.360805 1 4.6978e-14 0 2048 
8 2.2 -0.813854 0.243988 1 -4.6978e-14 0 4096 
8 2.2 -0.746865 0.0726955 1 -4.6978e-14 2.01859e-16 16 
8 2.2 -0.933534 0.195122 1 4.6978e-14 1.61487e-15 32 
8 2.2 -1.01871 0.350385 1 0 3.22974e-15 64 
8 2.2 -1.18361 0.472682 1 -9.39561e-14 0 128 
8 2.2 -1.05616 0.400033 1 -4.6978e-14 -6.45948e-15 256 
8 2.2 -1.20436 0.509044 1 -9.39561e-14 0 512 
8 2.2 -1.08222 0.324506 1 0 3.22974e-15 1024 
8 2.2 -1.03574 0.386694 1 -9.39561e-14 0 2048 
8 2.2 -1.04457 0.448872 1 0 0 4096 
8 2.2 -0.916237 0.212295 1 0 0 16 
8 2.2 -1.13842 0.387394 1 0 0 32 
8 2.2 -1.11826 0.443217 1 9.39561e-14 0 64 
8 2.2 -1.01589 0.329195 1 0 3.22974e-15 128 
8 2.2 -0.986854 0.139601 1 4.6978e-14 -8.07435e-16 256 
8 2.2 -1.12254 0.465824 1 0 6.45948e-15 512 
8 2.2 -1.26139 0.51054 1 -9.39561e-14 1.2919e-14 1024 
8 2.2 -1.07582 0.370851 1 -4.6978e-14 0 2048 
8 2.2 -1.16391 0.454476 1 4.6978e-14 -6.45948e-15 4096 
8 2.2 -1.0763 0.413691 1 -4.6978e-14 6.45948e-15 16 
8 2.2 -0.894337 0.191554 1 -4.6978e-14 0 32 
8 2.2 -1.12709 0.40683 1 -4.6978e-14 0 64 
8 2.2 -0.987393 0.313668 1 0 -3.22974e-15 128 
8 2.2 -0.916485 0.239713 1 -4.6978e-14 0 256 
8 2.2 -1.01002 0.392986 1 -4.6978e-14 0 512 
8 2.2 -1.05995 0.423337 1 4.6978e-14 -6.45948e-15 1024 
8 2.2 -1.01016 0.21996 1 0 1.61487e-15 2048 
8 2.2 -1.12876 0.468342 1 0 6.45948e-15 4096 
8 2.2 -0.950006 0.0805165 1 -4.6978e-14 -2.01859e-16 16 
8 2.2 -0.875884 0.147526 1 -4.6978e-14 8.07435e-16 32 
8 2.2 -1.1407 0.422763 1 0 0 64 
8 2.2 -1.19383 0.484832 1 4.6978e-14 0 128 
8 2.2 -1.25831 0.510259 1 -4.6978e-14 1.2919e-14 256 
8 2.2 -1.21936 0.438403 1 0 -6.45948e-15 512 
8 2.2 -0.909537 0.342526 1 0 0 1024 
8 2.2 -0.900323 0.331713 1 9.39561e-14 3.22974e-15 2048 
8 2.2 -1.13084 0.426575 1 4.6978e-14 0 4096 
8 2.2 -1.02217 0.351187 1 -4.6978e-14 -3.22974e-15 16 
8 2.2 -0.747701 0.0494515 1 4.6978e-14 0 32 
8 2.2 -0.967549 0.358513 1 -4.6978e-14 0 64 
8 2.2 -1.02729 0.360875 1 9.39561e-14 0 128 
8 2.2 -1.0493 0.29808 1 -4.6978e-14 -3.22974e-15 256 
8 2.2 -1.07654 0.393443 1 9.39561e-14 0 512 
8 2.2 -1.01381 0.332118 1 -4.6978e-14 0 1024 
8 2.2 -0.931888 0.336332 1 0 3.22974e-15 2048 
8 2.2 -1.16268 0.458484 1 -4.6978e-14 0 4096 
8 2.2 -0.754895 0.0497629 1 -4.6978e-14 0 16 
8 2.2 -0.966928 0.237321 1 -9.39561e-14 0 32 
8 2.2 -0.803087 0.0988906 1 0 4.03717e-16 64 
8 2.2 -0.821398 0.200591 1 -4.6978e-14 1.61487e-15 128 
8 2.2 -0.992999 0.327015 1 0 0 256 
8 2.2 -1.19868 0.4901 1 -4.6978e-14 0 512 
8 2.2 -1.08488 0.411455 1 -4.6978e-14 0 1024 
8 2.2 -1.20862 0.513373 1 -4.6978e-14 0 2048 
8 2.2 -1.12304 0.363171 1 0 0 4096 
8 2.2 -0.832806 0.119982 1 0 0 16 
8 2.2 -1.09248 0.397938 1 -9.39561e-14 -6.45948e-15 32 
8 2.2 -1.07921 0.404295 1 0 0 64 
8 2.2 -0.912522 0.276261 1 0 0 128 
8 2.2 -1.22728 0.506388 1 0 0 256 
8 2.2 -0.849689 0.286517 1 0 3.22974e-15 512 
8 2.2 -0.873682 0.275911 1 0 3.22974e-15 1024 
8 2.2 -0.972808 0.305267 1 -4.6978e-14 0 2048 
8 2.2 -1.05781 0.378732 1 -4.6978e-14 0 4096 
8 2.2 -0.856658 0.229376 1 0 1.61487e-15 16 
8 2.2 -0.849977 0.244966 1 0 1.61487e-15 32 
8 2.2 -1.0739 0.43223 1 0 0 64 
8 2.2 -1.0745 0.320341 1 4.6978e-14 0 128 
8 2.2 -1.14096 0.486112 1 -4.6978e-14 0 256 
8 2.2 -1.10929 0.421478 1 -9.39561e-14 0 512 
8 2.2 -1.02653 0.393589 1 0 0 1024 
8 2.2 -1.07539 0.410374 1 0 0 2048 
8 2.2 -1.25652 0.558672 1 -4.6978e-14 0 4096 
8 2.2 -0.941429 0.277832 1 -4.6978e-14 0 16 
8 2.2 -1.04096 0.306244 1 0 3.22974e-15 32 
8 2.2 -0.847731 0.187192 1 0 0 64 
8 2.2 -0.907666 0.145826 1 -4.6978e-14 8.07435e-16 128 
8 2.2 -1.0041 0.35431 1 -4.6978e-14 0 256 
8 2.2 -1.00771 0.352323 1 -4.6978e-14 -3.22974e-15 512 
8 2.2 -0.953033 0.354317 1 4.6978e-14 0 1024 
8 2.2 -1.23828 0.502479 1 -4.6978e-14 0 2048 
8 2.2 -1.13535 0.420274 1 4.6978e-14 -6.45948e-15 4096 
8 2.2 -0.997247 0.122081 1 -4.6978e-14 0 16 
8 2.2 -1.34581 0.542159 1 0 0 32 
8 2.2 -1.18962 0.283012 1 9.39561e-14 3.22974e-15 64 
8 2.2 -0.981698 0.321956 1 4.6978e-14 0 128 
8 2.2 -1.11787 0.501488 1 4.6978e-14 1.2919e-14 256 
8 2.2 -0.971852 0.370137 1 4.6978e-14 6.45948e-15 512 
8 2.2 -1.09797 0.282802 1 0 -3.22974e-15 1024 
8 2.2 -1.13101 0.427989 1 9.39561e-14 0 2048 
8 2.2 -1.09841 0.439213 1 4.6978e-14 0 4096 
8 2.2 -0.93494 0.113531 1 0 -4.03717e-16 16 
8 2.2 -0.999731 0.134618 1 4.6978e-14 0 32 
8 2.2 -1.09953 0.424385 1 0 0 64 
8 2.2 -1.02728 0.379564 1 0 6.45948e-15 128 
8 2.2 -1.0298 0.352284 1 0 -3.22974e-15 256 
8 2.2 -1.17187 0.442656 1 0 0 512 
8 2.2 -1.1841 0.464813 1 -4.6978e-14 0 1024 
8 2.2 -1.04797 0.217475 1 4.6978e-14 0 2048 
8 2.2 -1.42159 0.571572 1 -9.39561e-14 1.2919e-14 4096 
8 2.2 -0.93373 0.243813 1 0 1.61487e-15 16 
8 2.2 -0.830012 0.229444 1 4.6978e-14 -1.61487e-15 32 
8 2.2 -1.06027 0.315839 1 0 0 64 
8 2.2 -1.07862 0.39613 1 -4.6978e-14 0 128 
8 2.2 -1.18739 0.489803 1 0 -6.45948e-15 256 
8 2.2 -1.05307 0.413868 1 0 0 512 
8 2.2 -1.11943 0.332968 1 -4.6978e-14 -3.22974e-15 1024 
8 2.2 -0.921518 0.331552 1 4.6978e-14 3.22974e-15 2048 
8 2.2 -0.99248 0.389572 1 0 0 4096 
8 2.2 -0.943746 0.166333 1 0 -8.07435e-16 16 
8 2.2 -0.983083 0.391484 1 4.6978e-14 6.45948e-15 32 
8 2.2 -1.06813 0.348359 1 -4.6978e-14 3.22974e-15 64 
8 2.2 -1.09266 0.433709 1 4.6978e-14 0 128 
8 2.2 -1.00486 0.375889 1 4.6978e-14 -6.45948e-15 256 
8 2.2 -1.32212 0.563459 1 -9.39561e-14 -1.2919e-14 512 
8 2.2 -1.26907 0.511552 1 4.6978e-14 0 1024 
8 2.2 -1.05566 0.361133 1 9.39561e-14 0 2048 
8 2.2 -1.1192 0.46481 1 -4.6978e-14 6.45948e-15 4096 
8 2.2 -0.789843 0.116767 1 4.6978e-14 0 16 
8 2.2 -0.860269 0.240594 1 0 0 32 
8 2.2 -1.04759 0.344164 1 4.6978e-14 0 64 
8 2.2 -0.898523 0.224129 1 -4.6978e-14 0 128 
8 2.2 -1.0876 0.322982 1 0 -3.22974e-15 256 
8 2.2 -1.20075 0.422743 1 0 0 512 
8 2.2 -1.28345 0.536368 1 4.6978e-14 0 1024 
8 2.2 -0.880147 0.166592 1 4.6978e-14 0 2048 
8 2.2 -1.29032 0.493515 1 -4.6978e-14 0 4096 
8 2.2 -1.0079 0.282685 1 -4.6978e-14 3.22974e-15 16 
8 2.2 -1.19092 0.40371 1 0 6.45948e-15 32 
8 2.2 -1.18244 0.473395 1 0 -6.45948e-15 64 
8 2.2 -1.3201 0.538729 1 9.39561e-14 0 128 
8 2.2 -1.07508 0.382793 1 -4.6978e-14 0 256 
8 2.2 -1.38192 0.554133 1 0 0 512 
8 2.2 -1.05579 0.399253 1 0 -6.45948e-15 1024 
8 2.2 -1.07594 0.332094 1 -4.6978e-14 0 2048 
8 2.2 -1.2718 0.529494 1 -4.6978e-14 -1.2919e-14 4096 
8 2.2 -0.799561 0.134576 1 0 0 16 
8 2.2 -0.976121 0.286682 1 -4.6978e-14 0 32 
8 2.2 -0.940808 0.323899 1 0 0 64 
8 2.2 -0.981801 0.369778 1 -4.6978e-14 0 128 
8 2.2 -1.24479 0.50102 1 -4.6978e-14 1.2919e-14 256 
8 2.2 -1.35909 0.551597 1 0 1.2919e-14 512 
8 2.2 -0.844137 0.274866 1 0 3.22974e-15 1024 
8 2.2 -1.27617 0.510148 1 -4.6978e-14 1.2919e-14 2048 
8 2.2 -1.15986 0.450492 1 4.6978e-14 0 4096 
8 2.2 -0.858782 0.168103 1 0 0 16 
8 2.2 -0.93284 0.145452 1 0 0 32 
8 2.2 -1.12007 0.371782 1 -4.6978e-14 0 64 
8 2.2 -0.962096 0.253135 1 0 -3.22974e-15 128 
8 2.2 -1.0581 0.345488 1 -9.39561e-14 0 256 
8 2.2 -1.18185 0.499809 1 0 6.45948e-15 512 
8 2.2 -1.21813 0.465403 1 9.39561e-14 0 1024 
8 2.2 -1.02789 0.356558 1 1.40934e-13 0 2048 
8 2.2 -0.87558 0.144009 1 -4.6978e-14 0 4096 
8 2.2 -0.896602 0.139569 1 0 8.07435e-16 16 
8 2.2 -0.958257 0.0692918 1 0 0 32 
8 2.2 -1.01358 0.336876 1 0 -3.22974e-15 64 
8 2.2 -0.892518 0.296418 1 0 0 128 
8 2.2 -1.01128 0.369787 1 4.6978e-14 6.45948e-15 256 
8 2.2 -1.04212 0.368084 1 -9.39561e-14 6.45948e-15 512 
8 2.2 -1.17543 0.499931 1 4.6978e-14 6.45948e-15 1024 
8 2.2 -1.19961 0.284662 1 4.6978e-14 3.22974e-15 2048 
8 2.2 -1.14866 0.436711 1 0 -6.45948e-15 4096 
8 2.2 -0.939617 0.365113 1 4.6978e-14 0 16 
8 2.2 -0.908378 0.0532267 1 0 0 32 
8 2.2 -0.806989 0.249178 1 0 -1.61487e-15 64 
8 2.2 -0.977522 0.322405 1 4.6978e-14 0 128 
8 2.2 -1.14294 0.444193 1 0 -6.45948e-15 256 
8 2.2 -0.867968 0.261479 1 0 3.22974e-15 512 
8 2.2 -1.2904 0.503248 1 0 1.2919e-14 1024 
8 2.2 -1.09217 0.368475 1 -4.6978e-14 -6.45948e-15 2048 
8 2.2 -1.19692 0.455592 1 4.6978e-14 0 4096 
8 2.2 -0.964464 0.257003 1 9.39561e-14 -3.22974e-15 16 
8 2.2 -0.949609 0.351878 1 4.6978e-14 -3.22974e-15 32 
8 2.2 -0.852571 0.0579503 1 -4.6978e-14 0 64 
8 2.2 -1.12667 0.322594 1 0 -3.22974e-15 128 
8 2.2 -1.00951 0.372709 1 4.6978e-14 0 256 
8 2.2 -1.10715 0.332852 1 4.6978e-14 0 512 
8 2.2 -1.06708 0.418994 1 9.39561e-14 0 1024 
8 2.2 -1.0868 0.28196 1 -4.6978e-14 0 2048 
8 2.2 -0.943625 0.267544 1 0 3.22974e-15 4096 
8 2.2 -0.861462 0.221478 1 -4.6978e-14 -1.61487e-15 16 
8 2.2 -0.831623 0.142049 1 -4.6978e-14 0 32 
8 2.2 -1.21859 0.458359 1 -4.6978e-14 0 64 
8 2.2 -1.00797 0.382665 1 -4.6978e-14 0 128 
8 2.2 -1.00597 0.310617 1 -9.39561e-14 -3.22974e-15 256 
8 2.2 -0.97508 0.33459 1 4.6978e-14 0 512 
8 2.2 -1.22285 0.505276 1 0 0 1024 
8 2.2 -0.90703 0.102478 1 0 0 2048 
8 2.2 -1.14004 0.4333 1 -4.6978e-14 0 4096 
8 2.2 -0.872454 0.183231 1 -4.6978e-14 -1.61487e-15 16 
8 2.2 -0.974739 0.396092 1 4.6978e-14 0 32 
8 2.2 -1.04692 0.410837 1 0 0 64 
8 2.2 -0.959239 0.150595 1 4.6978e-14 -8.07435e-16 128 
8 2.2 -0.977787 0.374068 1 4.6978e-14 6.45948e-15 256 
8 2.2 -0.95519 0.412097 1 0 0 512 
8 2.2 -1.18353 0.509181 1 0 0 1024 
8 2.2 -1.05032 0.305948 1 0 3.22974e-15 2048 
8 2.2 -1.12788 0.351471 1 0 -3.22974e-15 4096 
8 2.2 -0.809415 0.243299 1 4.6978e-14 0 16 
8 2.2 -1.07417 0.420802 1 4.6978e-14 6.45948e-15 32 
8 2.2 -0.832298 0.165335 1 0 8.07435e-16 64 
8 2.2 -1.1735 0.466342 1 -1.40934e-13 0 128 
8 2.2 -0.943175 0.40502 1 -4.6978e-14 0 256 
8 2.2 -1.29268 0.541102 1 0 0 512 
8 2.2 -1.00299 0.286475 1 -4.6978e-14 -3.22974e-15 1024 
8 2.2 -1.25031 0.487813 1 -4.6978e-14 -6.45948e-15 2048 
8 2.2 -0.990089 0.409446 1 0 -6.45948e-15 4096 
8 2.2 -0.828012 0.20372 1 4.6978e-14 -1.61487e-15 16 
8 2.2 -1.07838 0.383772 1 -9.39561e-14 0 32 
8 2.2 -0.973925 0.370221 1 -4.6978e-14 6.45948e-15 64 
8 2.2 -0.767437 0.187933 1 0 0 128 
8 2.2 -1.15441 0.377297 1 4.6978e-14 0 256 
8 2.2 -0.957942 0.346826 1 0 -3.22974e-15 512 
8 2.2 -1.06543 0.393331 1 4.6978e-14 0 1024 
8 2.2 -0.878568 0.212348 1 0 1.61487e-15 2048 
8 2.2 -1.1932 0.429472 1 0 0 4096 
8 2.2 -0.987282 0.389111 1 0 0 16 
8 2.2 -0.981164 0.251496 1 0 3.22974e-15 32 
8 2.2 -1.09032 0.253189 1 4.6978e-14 0 64 
8 2.2 -1.28911 0.533344 1 -4.6978e-14 1.2919e-14 128 
8 2.2 -1.05308 0.435044 1 -9.39561e-14 0 256 
8 2.2 -1.129 0.504337 1 -1.40934e-13 0 512 
8 2.2 -1.26739 0.503052 1 -4.6978e-14 -1.2919e-14 1024 
8 2.2 -0.763775 0.162062 1 0 -8.07435e-16 2048 
8 2.2 -1.1048 0.436665 1 0 -6.45948e-15 4096 
8 2.2 -0.991639 0.267414 1 9.39561e-14 0 16 
8 2.2 -0.919274 0.249615 1 0 0 32 
8 2.2 -0.968686 0.369899 1 0 0 64 
8 2.2 -1.24537 0.525244 1 4.6978e-14 0 128 
8 2.2 -1.23857 0.500913 1 0 0 256 
8 2.2 -1.19649 0.517395 1 9.39561e-14 0 512 
8 2.2 -1.01038 0.376243 1 -4.6978e-14 -6.45948e-15 1024 
8 2.2 -1.1508 0.415859 1 9.39561e-14 -6.45948e-15 2048 
8 2.2 -1.3116 0.547291 1 -4.6978e-14 0 4096 
8 2.2 -1.05103 0.442056 1 4.6978e-14 -6.45948e-15 16 
8 2.2 -0.753225 0.149851 1 0 0 32 
8 2.2 -1.11665 0.422546 1 4.6978e-14 6.45948e-15 64 
8 2.2 -1.12324 0.463677 1 0 0 128 
8 2.2 -0.928658 0.273796 1 4.6978e-14 0 256 
8 2.2 -1.22838 0.480061 1 -4.6978e-14 0 512 
8 2.2 -0.869605 0.277217 1 -4.6978e-14 -3.22974e-15 1024 
8 2.2 -1.1984 0.477323 1 -4.6978e-14 -6.45948e-15 2048 
8 2.2 -0.902817 0.240715 1 0 0 4096 
8 2.2 -1.07719 0.239072 1 9.39561e-14 0 16 
8 2.2 -0.809595 0.175368 1 0 8.07435e-16 32 
8 2.2 -1.01131 0.412676 1 -4.6978e-14 0 64 
8 2.2 -1.12496 0.469747 1 4.6978e-14 -6.45948e-15 128 
8 2.2 -1.1899 0.46266 1 0 -6.45948e-15 256 
8 2.2 -0.892224 0.114597 1 4.6978e-14 4.03717e-16 512 
8 2.2 -1.09025 0.428269 1 4.6978e-14 0 1024 
8 2.2 -1.18251 0.399299 1 0 6.45948e-15 2048 
8 2.2 -1.00081 0.284197 1 0 3.22974e-15 4096 
8 2.2 -1.12535 0.452496 1 0 -6.45948e-15 16 
8 2.2 -0.929027 0.179024 1 4.6978e-14 0 32 
8 2.2 -0.896734 0.278114 1 4.6978e-14 3.22974e-15 64 
8 2.2 -1.15267 0.471547 1 9.39561e-14 -6.45948e-15 128 
8 2.2 -0.972841 0.215853 1 -9.39561e-14 1.61487e-15 256 
8 2.2 -1.26037 0.520835 1 -4.6978e-14 -1.2919e-14 512 
8 2.2 -1.01212 0.326133 1 0 0 1024 
8 2.2 -1.20252 0.459877 1 4.6978e-14 -6.45948e-15 2048 
8 2.2 -1.03896 0.433889 1 0 0 4096 
8 2.2 -0.943866 0.1724 1 -4.6978e-14 -8.07435e-16 16 
8 2.2 -0.839522 0.188835 1 0 0 32 
8 2.2 -0.8767 0.212474 1 -4.6978e-14 0 64 
8 2.2 -1.00754 0.335435 1 -4.6978e-14 0 128 
8 2.2 -1.21032 0.473525 1 -4.6978e-14 -6.45948e-15 256 
8 2.2 -1.09509 0.353313 1 4.6978e-14 0 512 
8 2.2 -1.07103 0.338196 1 4.6978e-14 3.22974e-15 1024 
8 2.2 -1.00484 0.347056 1 -4.6978e-14 3.22974e-15 2048 
8 2.2 -1.08915 0.420177 1 4.6978e-14 -6.45948e-15 4096 
8 2.2 -0.8267 0.0656467 1 -4.6978e-14 -2.01859e-16 16 
8 2.2 -0.974616 0.261418 1 0 0 32 
8 2.2 -1.01844 0.403932 1 0 0 64 
8 2.2 -1.28423 0.434631 1 0 0 128 
8 2.2 -1.25604 0.500107 1 -4.6978e-14 -1.2919e-14 256 
8 2.2 -0.982509 0.361276 1 0 0 512 
8 2.2 -1.23583 0.501396 1 4.6978e-14 0 1024 
8 2.2 -1.30713 0.560155 1 0 -1.2919e-14 2048 
8 2.2 -1.23707 0.502699 1 4.6978e-14 1.2919e-14 4096 
8 2.2 -0.947926 0.339753 1 9.39561e-14 3.22974e-15 16 
8 2.2 -0.994519 0.191978 1 -4.6978e-14 0 32 
8 2.2 -0.978144 0.360067 1 4.6978e-14 6.45948e-15 64 
8 2.2 -1.12413 0.437016 1 4.6978e-14 -6.45948e-15 128 
8 2.2 -1.09599 0.30643 1 9.39561e-14 0 256 
8 2.2 -1.14704 0.464004 1 9.39561e-14 6.45948e-15 512 
8 2.2 -0.852805 0.291044 1 4.6978e-14 0 1024 
8 2.2 -0.999761 0.211404 1 0 -1.61487e-15 2048 
8 2.2 -1.17941 0.449004 1 0 0 4096 
8 2.2 -1.04964 0.366636 1 0 6.45948e-15 16 
8 2.2 -1.08112 0.379644 1 4.6978e-14 0 32 
8 2.2 -0.977272 0.177332 1 4.6978e-14 0 64 
8 2.2 -1.1761 0.449829 1 -4.6978e-14 -6.45948e-15 128 
8 2.2 -1.03916 0.407421 1 0 0 256 
8 2.2 -0.860881 0.225701 1 9.39561e-14 -1.61487e-15 512 
8 2.2 -0.9811 0.114352 1 -4.6978e-14 0 1024 
8 2.2 -1.00847 0.326058 1 4.6978e-14 3.22974e-15 2048 
8 2.2 -1.20257 0.420426 1 -4.6978e-14 0 4096 
8 2.2 -0.989743 0.0803999 1 0 0 16 
8 2.2 -0.955442 0.125706 1 -4.6978e-14 0 32 
8 2.2 -0.978585 0.380118 1 4.6978e-14 0 64 
8 2.2 -0.922469 0.336403 1 -4.6978e-14 -3.22974e-15 128 
8 2.2 -1.0481 0.358582 1 4.6978e-14 0 256 
8 2.2 -1.08865 0.395663 1 0 0 512 
8 2.2 -1.18968 0.468635 1 9.39561e-14 -6.45948e-15 1024 
8 2.2 -1.00603 0.298818 1 4.6978e-14 -3.22974e-15 2048 
8 2.2 -0.802919 0.225717 1 0 1.61487e-15 4096 
8 2.2 -0.863219 0.22821 1 0 0 16 
8 2.2 -1.00072 0.291783 1 9.39561e-14 -3.22974e-15 32 
8 2.2 -0.941982 0.196097 1 -4.6978e-14 0 64 
8 2.2 -1.1479 0.478111 1 0 -6.45948e-15 128 
8 2.2 -0.969036 0.290953 1 4.6978e-14 -3.22974e-15 256 
8 2.2 -0.932949 0.30306 1 0 3.22974e-15 512 
8 2.2 -1.11403 0.315374 1 0 3.22974e-15 1024 
8 2.2 -1.0085 0.221309 1 -4.6978e-14 0 2048 
8 2.2 -1.16103 0.475077 1 0 0 4096 
8 2.2 -1.01547 0.250273 1 0 0 16 
8 2.2 -1.04049 0.319488 1 0 0 32 
8 2.2 -0.923486 0.349045 1 0 3.22974e-15 64 
8 2.2 -1.21019 0.532775 1 4.6978e-14 -1.2919e-14 128 
8 2.2 -1.10944 0.439016 1 -9.39561e-14 6.45948e-15 256 
8 2.2 -1.10033 0.466986 1 0 -6.45948e-15 512 
8 2.2 -1.14193 0.392208 1 0 0 1024 
8 2.2 -0.87212 0.276329 1 0 3.22974e-15 2048 
8 2.2 -1.07844 0.379822 1 0 0 4096 
8 2.2 -0.781806 0.209942 1 -4.6978e-14 0 16 
8 2.2 -0.968872 0.230676 1 4.6978e-14 1.61487e-15 32 
8 2.2 -1.13051 0.453968 1 0 6.45948e-15 64 
8 2.2 -0.90146 0.235267 1 0 1.61487e-15 128 
8 2.2 -0.981122 0.370641 1 0 0 256 
8 2.2 -1.25814 0.529993 1 9.39561e-14 0 512 
8 2.2 -1.29443 0.510159 1 0 0 1024 
8 2.2 -1.11707 0.460779 1 0 6.45948e-15 2048 
8 2.2 -1.1619 0.428313 1 4.6978e-14 6.45948e-15 4096 
8 2.2 -0.915312 0.276651 1 -4.6978e-14 -3.22974e-15 16 
8 2.2 -0.906912 0.217282 1 4.6978e-14 0 32 
8 2.2 -1.03824 0.402047 1 9.39561e-14 0 64 
8 2.2 -0.941793 0.231099 1 -4.6978e-14 1.61487e-15 128 
8 2.2 -1.14796 0.446332 1 0 6.45948e-15 256 
8 2.2 -1.08839 0.375504 1 4.6978e-14 -6.45948e-15 512 
8 2.2 -1.2595 0.509943 1 0 0 1024 
8 2.2 -1.20295 0.476572 1 -4.6978e-14 0 2048 
8 2.2 -1.1763 0.474195 1 0 0 4096 
8 2.2 -1.02162 0.137478 1 0 0 16 
8 2.2 -0.940038 0.20326 1 0 1.61487e-15 32 
8 2.2 -0.804591 0.260626 1 0 3.22974e-15 64 
8 2.2 -0.947454 0.226286 1 4.6978e-14 0 128 
8 2.2 -1.2042 0.461508 1 4.6978e-14 0 256 
8 2.2 -1.2033 0.43988 1 0 6.45948e-15 512 
8 2.2 -0.944676 0.258748 1 4.6978e-14 0 1024 
8 2.2 -1.10446 0.42438 1 0 0 2048 
8 2.2 -1.20099 0.412001 1 0 0 4096 
8 2.2 -0.935062 0.135013 1 -9.39561e-14 0 16 
8 2.2 -1.04007 0.356193 1 0 0 32 
8 2.2 -1.04705 0.367416 1 -4.6978e-14 0 64 
8 2.2 -1.10148 0.447597 1 -4.6978e-14 0 128 
8 2.2 -1.08207 0.443083 1 -4.6978e-14 0 256 
8 2.2 -1.05955 0.440756 1 -4.6978e-14 -6.45948e-15 512 
8 2.2 -1.09641 0.392759 1 0 0 1024 
8 2.2 -1.06017 0.339377 1 4.6978e-14 0 2048 
8 2.2 -1.16959 0.404315 1 4.6978e-14 0 4096 
8 2.2 -0.940851 0.0684102 1 0 2.01859e-16 16 
8 2.2 -0.819353 0.231768 1 0 0 32 
8 2.2 -0.779328 0.153087 1 0 8.07435e-16 64 
8 2.2 -0.892116 0.252434 1 0 0 128 
8 2.2 -1.15686 0.441744 1 4.6978e-14 0 256 
8 2.2 -0.840744 0.059787 1 4.6978e-14 0 512 
8 2.2 -0.900934 0.2915 1 -4.6978e-14 -3.22974e-15 1024 
8 2.2 -1.08711 0.387551 1 0 0 2048 
8 2.2 -1.27138 0.515942 1 -4.6978e-14 0 4096 
8 2.2 -0.98407 0.363716 1 0 0 16 
8 2.2 -1.07977 0.366304 1 0 0 32 
8 2.2 -1.30971 0.551148 1 -4.6978e-14 -1.2919e-14 64 
8 2.2 -0.848071 0.121891 1 4.6978e-14 0 128 
8 2.2 -0.95108 0.370335 1 9.39561e-14 0 256 
8 2.2 -1.22001 0.515097 1 0 0 512 
8 2.2 -1.17539 0.460083 1 9.39561e-14 0 1024 
8 2.2 -0.996369 0.249055 1 0 0 2048 
8 2.2 -1.02565 0.316016 1 4.6978e-14 0 4096 
8 2.2 -0.94862 0.319473 1 4.6978e-14 3.22974e-15 16 
8 2.2 -0.937328 0.291559 1 -4.6978e-14 -3.22974e-15 32 
8 2.2 -1.01738 0.2852 1 0 3.22974e-15 64 
8 2.2 -0.986976 0.325499 1 4.6978e-14 3.22974e-15 128 
8 2.2 -1.15506 0.47691 1 -4.6978e-14 -6.45948e-15 256 
8 2.2 -1.286 0.506836 1 4.6978e-14 1.2919e-14 512 
8 2.2 -0.852244 0.281482 1 0 -3.22974e-15 1024 
8 2.2 -0.984091 0.345064 1 0 3.22974e-15 2048 
8 2.2 -0.9985 0.375203 1 4.6978e-14 0 4096 
8 2.2 -1.16619 0.270903 1 0 -3.22974e-15 16 
8 2.2 -0.89991 0.0346888 1 0 5.04647e-17 32 
8 2.2 -1.18497 0.404123 1 -4.6978e-14 6.45948e-15 64 
8 2.2 -1.04289 0.396833 1 0 6.45948e-15 128 
8 2.2 -1.05293 0.412223 1 -4.6978e-14 0 256 
8 2.2 -0.942111 0.360517 1 4.6978e-14 6.45948e-15 512 
8 2.2 -0.894615 0.266826 1 0 0 1024 
8 2.2 -1.10012 0.361749 1 4.6978e-14 0 2048 
8 2.2 -1.16158 0.394067 1 0 0 4096 
8 2.2 -0.90325 0.134378 1 0 0 16 
8 2.2 -0.972632 0.343164 1 -4.6978e-14 0 32 
8 2.2 -1.00309 0.309787 1 0 0 64 
8 2.2 -1.20803 0.39999 1 4.6978e-14 0 128 
8 2.2 -0.976193 0.276414 1 -9.39561e-14 0 256 
8 2.2 -0.943322 0.3314 1 -9.39561e-14 -3.22974e-15 512 
8 2.2 -1.0193 0.367211 1 0 0 1024 
8 2.2 -1.06373 0.372401 1 0 0 2048 
8 2.2 -1.07383 0.415089 1 -4.6978e-14 6.45948e-15 4096 
8 2.2 -0.779178 0.192821 1 0 0 16 
8 2.2 -0.88318 0.168183 1 0 8.07435e-16 32 
8 2.2 -1.0792 0.337364 1 0 3.22974e-15 64 
8 2.2 -1.09298 0.267493 1 4.6978e-14 -3.22974e-15 128 
8 2.2 -1.16932 0.508113 1 0 1.2919e-14 256 
8 2.2 -1.24187 0.397123 1 4.6978e-14 0 512 
8 2.2 -1.25466 0.551003 1 -9.39561e-14 0 1024 
8 2.2 -1.19303 0.496162 1 4.6978e-14 0 2048 
8 2.2 -0.897444 0.202995 1 0 -1.61487e-15 4096 
8 2.2 -0.985915 0.188969 1 -4.6978e-14 0 16 
8 2.2 -1.01054 0.217583 1 0 1.61487e-15 32 
8 2.2 -0.869368 0.235407 1 4.6978e-14 1.61487e-15 64 
8 2.2 -1.14905 0.4362 1 -4.6978e-14 -6.45948e-15 128 
8 2.2 -1.08748 0.431016 1 0 -6.45948e-15 256 
8 2.2 -1.05318 0.352515 1 4.6978e-14 3.22974e-15 512 
8 2.2 -1.10616 0.416077 1 0 0 1024 
8 2.2 -1.06881 0.359792 1 -4.6978e-14 6.45948e-15 2048 
8 2.2 -0.861655 0.299541 1 0 -3.22974e-15 4096 
8 2.2 -0.883796 0.224432 1 -4.6978e-14 1.61487e-15 16 
8 2.2 -1.12726 0.318213 1 -4.6978e-14 -3.22974e-15 32 
8 2.2 -1.2575 0.505189 1 -4.6978e-14 0 64 
8 2.2 -1.07161 0.441757 1 -9.39561e-14 -6.45948e-15 128 
8 2.2 -0.964715 0.378681 1 -9.39561e-14 6.45948e-15 256 
8 2.2 -0.874866 0.301399 1 0 0 512 
8 2.2 -0.908548 0.276944 1 0 3.22974e-15 1024 
8 2.2 -1.18484 0.443527 1 4.6978e-14 0 2048 
8 2.2 -1.01284 0.392953 1 -4.6978e-14 6.45948e-15 4096 
8 2.2 -0.864773 0.316671 1 -9.39561e-14 3.22974e-15 16 
8 2.2 -1.05983 0.260623 1 4.6978e-14 0 32 
8 2.2 -1.26699 0.507694 1 -4.6978e-14 1.2919e-14 64 
8 2.2 -1.13819 0.324996 1 -9.39561e-14 -3.22974e-15 128 
8 2.2 -1.08899 0.340201 1 4.6978e-14 -3.22974e-15 256 
8 2.2 -0.990912 0.362022 1 9.39561e-14 0 512 
8 2.2 -1.05308 0.201939 1 0 1.61487e-15 1024 
8 2.2 -1.10533 0.462659 1 4.6978e-14 6.45948e-15 2048 
8 2.2 -1.05682 0.35572 1 0 0 4096 
8 2.2 -0.906794 0.144724 1 0 -8.07435e-16 16 
8 2.2 -0.880432 0.171446 1 0 8.07435e-16 32 
8 2.2 -0.912152 0.357352 1 9.39561e-14 0 64 
8 2.2 -1.152 0.410395 1 0 0 128 
8 2.2 -0.950354 0.331389 1 -9.39561e-14 0 256 
8 2.2 -1.10581 0.364634 1 4.6978e-14 0 512 
8 2.2 -1.1824 0.392886 1 0 0 1024 
8 2.2 -1.27158 0.483313 1 0 -6.45948e-15 2048 
8 2.2 -1.17252 0.388697 1 0 6.45948e-15 4096 
8 2.2 -0.96811 0.289236 1 -4.6978e-14 3.22974e-15 8192 
8 2.2 -1.06831 0.41704 1 -4.6978e-14 0 16384 
8 2.2 -1.0959 0.465708 1 9.39561e-14 0 8192 
8 2.2 -0.970805 0.358408 1 -4.6978e-14 0 16384 
8 2.2 -1.00388 0.407025 1 4.6978e-14 0 8192 
8 2.2 -1.08129 0.402585 1 0 0 16384 
8 2.2 -0.812435 0.272562 1 -4.6978e-14 -3.22974e-15 8192 
8 2.2 -1.06074 0.302393 1 -4.6978e-14 0 16384 
8 2.2 -0.960286 0.341269 1 0 -3.22974e-15 8192 
8 2.2 -0.906586 0.338153 1 4.6978e-14 -3.22974e-15 16384 
8 2.2 -1.21127 0.447367 1 -9.39561e-14 6.45948e-15 8192 
8 2.2 -1.02672 0.411195 1 4.6978e-14 0 16384 
8 2.2 -0.85032 0.259717 1 0 0 8192 
8 2.2 -0.932272 0.332854 1 -4.6978e-14 3.22974e-15 16384 
8 2.2 -1.16241 0.486691 1 4.6978e-14 -6.45948e-15 8192 
8 2.2 -0.940258 0.385239 1 4.6978e-14 0 16384 
8 2.2 -1.1174 0.357929 1 -4.6978e-14 -6.45948e-15 8192 
8 2.2 -1.10338 0.330565 1 4.6978e-14 0 16384 
8 2.2 -1.14035 0.473506 1 0 0 8192 
8 2.2 -0.935542 0.157797 1 -4.6978e-14 0 16384 
8 2.2 -1.37463 0.524167 1 0 0 8192 
8 2.2 -0.810947 0.0661764 1 0 2.01859e-16 16384 
8 2.2 -0.958253 0.374165 1 0 0 8192 
