4 2.2 -1.0033 0.545197 1 5.87225e-15 1.61487e-15 32 
4 2.2 -1.08003 0.537341 1 0 1.61487e-15 64 
4 2.2 -1.5039 0.633645 1 2.3489e-14 0 128 
4 2.2 -1.29761 0.494661 1 5.87225e-15 0 256 
4 2.2 -1.19523 0.552869 1 1.17445e-14 1.61487e-15 512 
4 2.2 -1.12342 0.515445 1 -5.87225e-15 0 1024 
4 2.2 -1.77752 0.687737 1 1.17445e-14 1.61487e-15 2048 
4 2.2 -1.39124 0.653021 1 0 1.61487e-15 4096 
4 2.2 -1.74594 0.741641 1 -1.17445e-14 0 8182 
4 2.2 -0.729629 0.21369 1 0 -2.01859e-16 32 
4 2.2 -1.47615 0.671474 1 0 1.61487e-15 64 
4 2.2 -1.62708 0.671062 1 1.17445e-14 -1.61487e-15 128 
4 2.2 -1.13199 0.474489 1 0 0 256 
4 2.2 -1.2723 0.606368 1 0 0 512 
4 2.2 -0.856142 0.349204 1 -5.87225e-15 0 1024 
4 2.2 -1.76817 0.764205 1 1.17445e-14 0 2048 
4 2.2 -1.22165 0.550194 1 -5.87225e-15 1.61487e-15 4096 
4 2.2 -1.40025 0.623083 1 0 0 8182 
4 2.2 -1.44763 0.596522 1 1.17445e-14 0 32 
4 2.2 -0.509343 0.242038 1 0 -2.01859e-16 64 
4 2.2 -1.55339 0.66653 1 0 0 128 
4 2.2 -1.05084 0.513999 1 5.87225e-15 0 256 
4 2.2 -1.33984 0.605447 1 0 -1.61487e-15 512 
4 2.2 -0.862184 0.420018 1 0 0 1024 
4 2.2 -0.807892 0.429599 1 0 8.07435e-16 2048 
4 2.2 -1.71609 0.698676 1 0 1.61487e-15 4096 
4 2.2 -1.47211 0.636468 1 1.17445e-14 0 8182 
4 2.2 -1.18913 0.582839 1 5.87225e-15 1.61487e-15 32 
4 2.2 -1.07406 0.510132 1 0 1.61487e-15 64 
4 2.2 -1.35212 0.555024 1 0 -1.61487e-15 128 
4 2.2 -1.70423 0.695058 1 -1.17445e-14 1.61487e-15 256 
4 2.2 -1.32763 0.621056 1 5.87225e-15 0 512 
4 2.2 -1.53845 0.610972 1 1.17445e-14 1.61487e-15 1024 
4 2.2 -1.27127 0.514886 1 5.87225e-15 1.61487e-15 2048 
4 2.2 -1.16769 0.484459 1 -1.17445e-14 -8.07435e-16 4096 
4 2.2 -1.77261 0.734437 1 -1.17445e-14 -3.22974e-15 8182 
4 2.2 -1.64447 0.676893 1 0 -1.61487e-15 32 
4 2.2 -1.38159 0.566429 1 0 1.61487e-15 64 
4 2.2 -1.11264 0.472505 1 -5.87225e-15 0 128 
4 2.2 -1.46632 0.657901 1 0 -1.61487e-15 256 
4 2.2 -0.571577 0.204574 1 -5.87225e-15 2.01859e-16 512 
4 2.2 -1.53218 0.659827 1 0 1.61487e-15 1024 
4 2.2 -1.20563 0.482626 1 0 0 2048 
4 2.2 -1.09698 0.430697 1 -5.87225e-15 0 4096 
4 2.2 -1.46388 0.613214 1 0 1.61487e-15 8182 
4 2.2 -1.26663 0.487912 1 0 -8.07435e-16 32 
4 2.2 -0.516427 0.255214 1 0 -4.03717e-16 64 
4 2.2 -0.853732 0.299179 1 -5.87225e-15 0 128 
4 2.2 -1.6459 0.639754 1 1.17445e-14 -1.61487e-15 256 
4 2.2 -1.50468 0.666455 1 1.17445e-14 -1.61487e-15 512 
4 2.2 -1.36298 0.566347 1 0 0 1024 
4 2.2 -1.41684 0.621302 1 0 0 2048 
4 2.2 -1.07655 0.561653 1 -5.87225e-15 1.61487e-15 4096 
4 2.2 -1.02922 0.486022 1 5.87225e-15 0 8182 
4 2.2 -1.61846 0.698163 1 1.17445e-14 1.61487e-15 32 
4 2.2 -1.27291 0.58587 1 -5.87225e-15 0 64 
4 2.2 -1.06654 0.475128 1 0 8.07435e-16 128 
4 2.2 -1.38326 0.617225 1 0 -1.61487e-15 256 
4 2.2 -0.742229 0.3385 1 -5.87225e-15 0 512 
4 2.2 -1.19066 0.481969 1 5.87225e-15 8.07435e-16 1024 
4 2.2 -1.64667 0.661754 1 0 0 2048 
4 2.2 -1.16767 0.622003 1 -1.17445e-14 0 4096 
4 2.2 -1.40288 0.532413 1 0 0 8182 
4 2.2 -1.2847 0.451253 1 5.87225e-15 0 32 
4 2.2 -1.10691 0.384518 1 0 8.07435e-16 64 
4 2.2 -0.782617 0.42734 1 5.87225e-15 0 128 
4 2.2 -1.22337 0.601422 1 5.87225e-15 -1.61487e-15 256 
4 2.2 -1.66221 0.709194 1 -1.17445e-14 3.22974e-15 512 
4 2.2 -0.707036 0.315682 1 -5.87225e-15 -4.03717e-16 1024 
4 2.2 -1.31086 0.641478 1 0 1.61487e-15 2048 
4 2.2 -0.861127 0.380526 1 5.87225e-15 0 4096 
4 2.2 -1.70934 0.670042 1 0 0 8182 
4 2.2 -1.80579 0.715086 1 0 0 32 
4 2.2 -1.36867 0.626813 1 -1.17445e-14 -1.61487e-15 64 
4 2.2 -1.16004 0.576186 1 5.87225e-15 1.61487e-15 128 
4 2.2 -0.546575 0.140118 1 -5.87225e-15 -1.00929e-16 256 
4 2.2 -1.33689 0.613037 1 0 1.61487e-15 512 
4 2.2 -0.796509 0.288792 1 0 0 1024 
4 2.2 -1.1429 0.437047 1 -5.87225e-15 0 2048 
4 2.2 -1.41852 0.643881 1 1.17445e-14 -1.61487e-15 4096 
4 2.2 -0.669517 0.235899 1 0 2.01859e-16 8182 
4 2.2 -1.46572 0.641294 1 0 0 32 
4 2.2 -1.46934 0.625248 1 0 -1.61487e-15 64 
4 2.2 -1.35224 0.556221 1 1.17445e-14 0 128 
4 2.2 -1.60817 0.612295 1 1.17445e-14 0 256 
4 2.2 -1.19815 0.473573 1 -1.17445e-14 0 512 
4 2.2 -1.1227 0.486851 1 -5.87225e-15 0 1024 
4 2.2 -1.59686 0.672614 1 -2.3489e-14 -1.61487e-15 2048 
4 2.2 -0.719323 0.3593 1 -5.87225e-15 0 4096 
4 2.2 -0.865846 0.319689 1 5.87225e-15 4.03717e-16 8182 
4 2.2 -1.11316 0.464467 1 5.87225e-15 0 32 
4 2.2 -1.17278 0.528196 1 1.17445e-14 -1.61487e-15 64 
4 2.2 -1.59079 0.575148 1 -1.17445e-14 1.61487e-15 128 
4 2.2 -1.05955 0.464395 1 0 8.07435e-16 256 
4 2.2 -1.02392 0.493495 1 0 0 512 
4 2.2 -1.17347 0.533335 1 1.17445e-14 -1.61487e-15 1024 
4 2.2 -0.939075 0.480132 1 5.87225e-15 0 2048 
4 2.2 -1.51363 0.605461 1 0 -1.61487e-15 4096 
4 2.2 -1.52176 0.685263 1 1.17445e-14 0 8182 
4 2.2 -0.918566 0.320377 1 -5.87225e-15 4.03717e-16 8 
4 2.2 -1.05837 0.512928 1 -5.87225e-15 0 16 
4 2.2 -1.1048 0.392466 1 0 0 32 
4 2.2 -1.02357 0.507943 1 5.87225e-15 0 64 
4 2.2 -1.16429 0.577186 1 -5.87225e-15 -1.61487e-15 128 
4 2.2 -1.26609 0.434169 1 5.87225e-15 -8.07435e-16 256 
4 2.2 -0.707158 0.429527 1 5.87225e-15 0 512 
4 2.2 -1.16901 0.504611 1 -1.17445e-14 0 1024 
4 2.2 -1.16428 0.48139 1 -5.87225e-15 -8.07435e-16 8 
4 2.2 -1.358 0.468208 1 -1.17445e-14 0 16 
4 2.2 -1.20579 0.591314 1 -5.87225e-15 0 32 
4 2.2 -1.25026 0.544658 1 5.87225e-15 0 64 
4 2.2 -1.44664 0.60242 1 0 1.61487e-15 128 
4 2.2 -1.12231 0.453161 1 5.87225e-15 8.07435e-16 256 
4 2.2 -0.954973 0.520017 1 0 1.61487e-15 512 
4 2.2 -1.69684 0.733808 1 -1.17445e-14 0 1024 
4 2.2 -0.69289 0.19261 1 0 0 8 
4 2.2 -0.56005 0.188218 1 0 0 16 
4 2.2 -1.11185 0.503118 1 0 -1.61487e-15 32 
4 2.2 -1.14305 0.390461 1 -5.87225e-15 -8.07435e-16 64 
4 2.2 -1.1228 0.47509 1 1.17445e-14 0 128 
4 2.2 -1.65378 0.682199 1 0 1.61487e-15 256 
4 2.2 -1.03136 0.429371 1 5.87225e-15 0 512 
4 2.2 -0.944417 0.492869 1 0 0 1024 
4 2.2 -0.785581 0.278739 1 0 0 8 
4 2.2 -1.26582 0.545668 1 1.17445e-14 1.61487e-15 16 
4 2.2 -1.10738 0.514165 1 0 0 32 
4 2.2 -0.838263 0.374666 1 0 0 64 
4 2.2 -0.703146 0.252186 1 -5.87225e-15 0 128 
4 2.2 -0.851555 0.359013 1 1.17445e-14 0 256 
4 2.2 -1.42315 0.642205 1 0 -1.61487e-15 512 
4 2.2 -1.44955 0.628923 1 0 0 1024 
4 2.2 -1.18505 0.549284 1 0 0 8 
4 2.2 -1.13634 0.431116 1 5.87225e-15 0 16 
4 2.2 -1.05809 0.356356 1 0 0 32 
4 2.2 -0.818787 0.419177 1 -5.87225e-15 0 64 
4 2.2 -1.28016 0.582476 1 -1.17445e-14 -1.61487e-15 128 
4 2.2 -1.13353 0.565255 1 0 0 256 
4 2.2 -1.15924 0.577814 1 5.87225e-15 0 512 
4 2.2 -1.39248 0.670723 1 0 -1.61487e-15 1024 
4 2.2 -0.588627 0.202765 1 2.93613e-15 0 8 
4 2.2 -1.13102 0.451281 1 5.87225e-15 0 16 
4 2.2 -1.01867 0.456965 1 5.87225e-15 8.07435e-16 32 
4 2.2 -1.08375 0.480216 1 5.87225e-15 0 64 
4 2.2 -1.27955 0.575552 1 0 0 128 
4 2.2 -0.578875 0.289387 1 -2.93613e-15 -4.03717e-16 256 
4 2.2 -1.44419 0.670623 1 0 0 512 
4 2.2 -1.34545 0.604195 1 0 1.61487e-15 1024 
4 2.2 -0.999317 0.365006 1 5.87225e-15 -8.07435e-16 8 
4 2.2 -1.18246 0.527869 1 -1.17445e-14 -1.61487e-15 16 
4 2.2 -1.66503 0.734429 1 -1.17445e-14 0 32 
4 2.2 -0.848365 0.373871 1 -5.87225e-15 0 64 
4 2.2 -0.940259 0.493938 1 0 8.07435e-16 128 
4 2.2 -1.085 0.51389 1 -5.87225e-15 1.61487e-15 256 
4 2.2 -1.63923 0.667013 1 -2.3489e-14 0 512 
4 2.2 -0.724714 0.290411 1 5.87225e-15 -4.03717e-16 1024 
4 2.2 -0.784028 0.330913 1 5.87225e-15 -4.03717e-16 8 
4 2.2 -0.865771 0.452688 1 -5.87225e-15 0 16 
4 2.2 -0.944191 0.454855 1 0 0 32 
4 2.2 -0.816055 0.397956 1 -5.87225e-15 0 64 
4 2.2 -1.23707 0.509743 1 1.17445e-14 0 128 
4 2.2 -0.936604 0.230343 1 0 0 256 
4 2.2 -1.12638 0.545782 1 -5.87225e-15 0 512 
4 2.2 -1.45474 0.580596 1 1.17445e-14 1.61487e-15 1024 
4 2.2 -1.20144 0.558136 1 0 0 8 
4 2.2 -0.906944 0.214398 1 5.87225e-15 0 16 
4 2.2 -1.18931 0.49934 1 5.87225e-15 -8.07435e-16 32 
4 2.2 -1.4862 0.648246 1 1.17445e-14 0 64 
4 2.2 -0.497821 0.300122 1 -5.87225e-15 4.03717e-16 128 
4 2.2 -1.64724 0.642681 1 -1.17445e-14 0 256 
4 2.2 -1.27681 0.557433 1 -5.87225e-15 1.61487e-15 512 
4 2.2 -1.39996 0.613333 1 -1.17445e-14 -1.61487e-15 1024 
4 2.2 -1.01187 0.48186 1 0 0 8 
4 2.2 -0.620457 0.259177 1 0 0 16 
4 2.2 -1.65687 0.697515 1 1.17445e-14 -1.61487e-15 32 
4 2.2 -0.865502 0.322277 1 -5.87225e-15 4.03717e-16 64 
4 2.2 -0.839455 0.323219 1 0 0 128 
4 2.2 -0.8627 0.423986 1 -5.87225e-15 0 256 
4 2.2 -1.20578 0.521504 1 -5.87225e-15 1.61487e-15 512 
4 2.2 -0.683455 0.359724 1 -5.87225e-15 0 1024 
4 2.2 -0.756838 0.453559 1 -5.87225e-15 0 8 
4 2.2 -1.45314 0.57856 1 -1.17445e-14 0 16 
4 2.2 -1.17434 0.519294 1 0 1.61487e-15 32 
4 2.2 -1.59649 0.652379 1 -1.17445e-14 0 64 
4 2.2 -1.17944 0.440619 1 0 0 128 
4 2.2 -1.39145 0.64951 1 0 0 256 
4 2.2 -1.71889 0.729556 1 0 0 512 
4 2.2 -1.42295 0.586831 1 2.3489e-14 -1.61487e-15 1024 
4 2.2 -0.870373 0.31164 1 -1.17445e-14 -4.03717e-16 8 
4 2.2 -1.31022 0.642427 1 -5.87225e-15 0 16 
4 2.2 -1.028 0.419625 1 -5.87225e-15 8.07435e-16 32 
4 2.2 -0.755349 0.330474 1 5.87225e-15 -4.03717e-16 64 
4 2.2 -1.11814 0.477107 1 0 0 128 
4 2.2 -1.59844 0.646771 1 1.17445e-14 -1.61487e-15 256 
4 2.2 -1.03012 0.337487 1 0 0 512 
4 2.2 -1.57083 0.589017 1 -1.17445e-14 -1.61487e-15 1024 
4 2.2 -1.68485 0.718534 1 1.17445e-14 -3.22974e-15 8 
4 2.2 -1.27289 0.553913 1 0 1.61487e-15 16 
4 2.2 -0.683421 0.214844 1 -5.87225e-15 2.01859e-16 32 
4 2.2 -0.916541 0.404348 1 0 0 64 
4 2.2 -0.98029 0.572845 1 -5.87225e-15 -1.61487e-15 128 
4 2.2 -0.694359 0.279181 1 5.87225e-15 0 256 
4 2.2 -1.21896 0.571582 1 5.87225e-15 0 512 
4 2.2 -1.42513 0.551019 1 0 0 1024 
4 2.2 -1.0743 0.412617 1 0 0 8 
4 2.2 -0.974141 0.372507 1 0 0 16 
4 2.2 -1.03506 0.377029 1 -1.76168e-14 8.07435e-16 32 
4 2.2 -1.50709 0.666111 1 0 0 64 
4 2.2 -1.30659 0.593688 1 5.87225e-15 0 128 
4 2.2 -0.895347 0.244896 1 0 0 256 
4 2.2 -1.22088 0.55101 1 -5.87225e-15 -1.61487e-15 512 
4 2.2 -1.10331 0.468516 1 0 0 1024 
4 2.2 -1.46247 0.633891 1 0 1.61487e-15 8 
4 2.2 -0.999488 0.486879 1 0 8.07435e-16 16 
4 2.2 -1.00019 0.4853 1 -5.87225e-15 0 32 
4 2.2 -1.20126 0.554011 1 0 0 64 
4 2.2 -1.07572 0.481498 1 5.87225e-15 0 128 
4 2.2 -1.05526 0.539698 1 5.87225e-15 0 256 
4 2.2 -1.85084 0.746259 1 -2.3489e-14 0 512 
4 2.2 -0.794118 0.339204 1 0 0 1024 
4 2.2 -0.80423 0.290911 1 5.87225e-15 4.03717e-16 8 
4 2.2 -1.18226 0.62709 1 -5.87225e-15 1.61487e-15 16 
4 2.2 -1.67863 0.681882 1 0 0 32 
4 2.2 -0.511039 0.143416 1 -2.93613e-15 -1.00929e-16 64 
4 2.2 -1.86682 0.760287 1 -1.17445e-14 -3.22974e-15 128 
4 2.2 -1.30364 0.596935 1 5.87225e-15 0 256 
4 2.2 -1.02967 0.488296 1 0 0 512 
4 2.2 -1.2667 0.588725 1 -5.87225e-15 1.61487e-15 1024 
4 2.2 -0.956692 0.39823 1 5.87225e-15 8.07435e-16 8 
4 2.2 -1.46992 0.54774 1 0 1.61487e-15 16 
4 2.2 -1.20555 0.549234 1 5.87225e-15 0 32 
4 2.2 -1.06958 0.500597 1 0 1.61487e-15 64 
4 2.2 -1.4928 0.638384 1 1.17445e-14 1.61487e-15 128 
4 2.2 -0.734711 0.393023 1 -5.87225e-15 -8.07435e-16 256 
4 2.2 -1.71665 0.687429 1 -1.17445e-14 0 512 
4 2.2 -1.34858 0.611562 1 0 0 1024 
4 2.2 -1.20926 0.506591 1 5.87225e-15 1.61487e-15 8 
4 2.2 -1.2606 0.500815 1 -2.93613e-14 -1.61487e-15 16 
4 2.2 -1.3252 0.603681 1 0 1.61487e-15 32 
4 2.2 -1.43312 0.632229 1 -1.17445e-14 0 64 
4 2.2 -1.14845 0.580036 1 0 0 128 
4 2.2 -1.00788 0.290173 1 -5.87225e-15 -4.03717e-16 256 
4 2.2 -1.27961 0.582048 1 5.87225e-15 1.61487e-15 512 
4 2.2 -1.46379 0.643766 1 -1.17445e-14 0 1024 
4 2.2 -1.5965 0.695537 1 0 0 8 
4 2.2 -1.07964 0.480772 1 -5.87225e-15 8.07435e-16 16 
4 2.2 -1.68113 0.611416 1 1.17445e-14 -1.61487e-15 32 
4 2.2 -0.838138 0.284505 1 5.87225e-15 0 64 
4 2.2 -1.42082 0.634319 1 -1.17445e-14 1.61487e-15 128 
4 2.2 -0.925893 0.448085 1 5.87225e-15 8.07435e-16 256 
4 2.2 -1.34252 0.559137 1 -1.17445e-14 0 512 
4 2.2 -1.68716 0.745188 1 0 0 1024 
4 2.2 -0.654102 0.295919 1 -2.93613e-15 0 8 
4 2.2 -1.53461 0.620727 1 0 1.61487e-15 16 
4 2.2 -1.65162 0.661945 1 0 -1.61487e-15 32 
4 2.2 -1.64886 0.680643 1 0 0 64 
4 2.2 -1.22751 0.536503 1 0 1.61487e-15 128 
4 2.2 -1.10189 0.52202 1 -1.17445e-14 0 256 
4 2.2 -0.793093 0.219077 1 0 0 512 
4 2.2 -0.561837 0.334105 1 2.93613e-15 4.03717e-16 1024 
4 2.2 -0.99141 0.4041 1 1.17445e-14 0 8 
4 2.2 -0.86138 0.395103 1 -5.87225e-15 0 16 
4 2.2 -1.2891 0.579023 1 -5.87225e-15 1.61487e-15 32 
4 2.2 -1.3169 0.536638 1 -1.17445e-14 -1.61487e-15 64 
4 2.2 -1.05819 0.513188 1 0 1.61487e-15 128 
4 2.2 -1.48039 0.657426 1 1.17445e-14 0 256 
4 2.2 -1.16277 0.492761 1 -5.87225e-15 0 512 
4 2.2 -1.18689 0.445481 1 5.87225e-15 0 1024 
4 2.2 -0.595614 0.327047 1 2.93613e-15 4.03717e-16 8 
4 2.2 -0.947046 0.476067 1 0 -8.07435e-16 16 
4 2.2 -1.36001 0.591779 1 -1.17445e-14 0 32 
4 2.2 -1.36727 0.589066 1 0 1.61487e-15 64 
4 2.2 -0.840785 0.447158 1 0 0 128 
4 2.2 -1.28565 0.56442 1 5.87225e-15 0 256 
4 2.2 -1.54787 0.639495 1 0 0 512 
4 2.2 -1.29763 0.522512 1 5.87225e-15 -1.61487e-15 1024 
4 2.2 -0.741352 0.450092 1 1.17445e-14 0 8 
4 2.2 -1.20237 0.490333 1 -1.17445e-14 -8.07435e-16 16 
4 2.2 -1.05628 0.482027 1 5.87225e-15 0 32 
4 2.2 -1.37866 0.623294 1 -1.17445e-14 1.61487e-15 64 
4 2.2 -1.46823 0.691061 1 0 -1.61487e-15 128 
4 2.2 -1.22823 0.495389 1 0 -8.07435e-16 256 
4 2.2 -1.2363 0.548614 1 -5.87225e-15 1.61487e-15 512 
4 2.2 -1.52603 0.621469 1 0 0 1024 
4 2.2 -0.911128 0.413344 1 0 0 8 
4 2.2 -1.46231 0.645578 1 -1.17445e-14 1.61487e-15 16 
4 2.2 -0.619911 0.214461 1 -2.93613e-15 -2.01859e-16 32 
4 2.2 -1.2364 0.583799 1 5.87225e-15 1.61487e-15 64 
4 2.2 -1.13454 0.497323 1 0 -8.07435e-16 128 
4 2.2 -1.40288 0.658145 1 0 -1.61487e-15 256 
4 2.2 -0.835086 0.37326 1 -5.87225e-15 0 512 
4 2.2 -1.27324 0.504822 1 1.17445e-14 -1.61487e-15 1024 
4 2.2 -1.19931 0.467555 1 5.87225e-15 -8.07435e-16 8 
4 2.2 -1.1985 0.466989 1 0 0 16 
4 2.2 -0.487051 0.269478 1 -2.93613e-15 0 32 
4 2.2 -0.824355 0.460554 1 1.17445e-14 0 64 
4 2.2 -1.24785 0.595408 1 5.87225e-15 0 128 
4 2.2 -1.08868 0.576326 1 -5.87225e-15 -1.61487e-15 256 
4 2.2 -1.38713 0.580776 1 -2.3489e-14 0 512 
4 2.2 -1.26019 0.580156 1 0 0 1024 
4 2.2 -0.913571 0.452641 1 5.87225e-15 0 8 
4 2.2 -0.63709 0.173668 1 2.93613e-15 -1.00929e-16 16 
4 2.2 -0.978411 0.47487 1 5.87225e-15 -8.07435e-16 32 
4 2.2 -1.14993 0.578431 1 0 1.61487e-15 64 
4 2.2 -1.69961 0.708433 1 0 0 128 
4 2.2 -0.621122 0.214059 1 -5.87225e-15 0 256 
4 2.2 -1.01142 0.444151 1 -1.17445e-14 0 512 
4 2.2 -1.01957 0.534657 1 1.17445e-14 0 1024 
4 2.2 -0.799862 0.417156 1 0 0 8 
4 2.2 -1.33409 0.532679 1 1.17445e-14 0 16 
4 2.2 -0.667126 0.187533 1 0 0 32 
4 2.2 -1.17953 0.566838 1 0 0 64 
4 2.2 -1.97359 0.747724 1 1.17445e-14 0 128 
4 2.2 -1.57447 0.630503 1 1.17445e-14 0 256 
4 2.2 -1.25852 0.610828 1 5.87225e-15 -1.61487e-15 512 
4 2.2 -1.14975 0.546187 1 0 1.61487e-15 1024 
4 2.2 -0.834635 0.372088 1 -5.87225e-15 0 8 
4 2.2 -1.20775 0.584574 1 -5.87225e-15 1.61487e-15 16 
4 2.2 -1.31002 0.632723 1 0 1.61487e-15 32 
4 2.2 -0.985457 0.424101 1 0 -8.07435e-16 64 
4 2.2 -1.76464 0.70851 1 -1.17445e-14 0 128 
4 2.2 -1.25363 0.568131 1 -5.87225e-15 0 256 
4 2.2 -1.13106 0.47085 1 1.76168e-14 0 512 
4 2.2 -1.23811 0.551028 1 0 0 1024 
4 2.2 -1.03446 0.451991 1 0 0 8 
4 2.2 -1.51049 0.65596 1 1.17445e-14 0 16 
4 2.2 -1.58605 0.642189 1 -1.17445e-14 1.61487e-15 32 
4 2.2 -0.846959 0.341983 1 5.87225e-15 4.03717e-16 64 
4 2.2 -1.8321 0.724293 1 1.17445e-14 -3.22974e-15 128 
4 2.2 -1.23896 0.547462 1 -5.87225e-15 1.61487e-15 256 
4 2.2 -1.54602 0.681242 1 -1.17445e-14 0 512 
4 2.2 -1.31133 0.593416 1 -1.17445e-14 -1.61487e-15 1024 
4 2.2 -1.0279 0.534044 1 0 0 8 
4 2.2 -1.25043 0.569809 1 5.87225e-15 1.61487e-15 16 
4 2.2 -0.796165 0.382467 1 0 0 32 
4 2.2 -1.35705 0.629144 1 0 1.61487e-15 64 
4 2.2 -1.38614 0.604014 1 0 -1.61487e-15 128 
4 2.2 -0.980875 0.534603 1 5.87225e-15 1.61487e-15 256 
4 2.2 -1.3698 0.568537 1 1.17445e-14 1.61487e-15 512 
4 2.2 -1.53886 0.640543 1 0 0 1024 
4 2.2 -1.60847 0.672255 1 0 -1.61487e-15 8 
4 2.2 -0.700266 0.332118 1 0 -4.03717e-16 16 
4 2.2 -1.24813 0.481376 1 -5.87225e-15 -8.07435e-16 32 
4 2.2 -0.624203 0.246406 1 0 2.01859e-16 64 
4 2.2 -1.05531 0.536907 1 -1.17445e-14 1.61487e-15 128 
4 2.2 -1.70901 0.722455 1 1.17445e-14 -3.22974e-15 256 
4 2.2 -0.87923 0.396883 1 0 0 512 
4 2.2 -0.521936 0.14368 1 2.93613e-15 0 1024 
4 2.2 -1.16295 0.557643 1 0 -1.61487e-15 8 
4 2.2 -1.12308 0.508947 1 -5.87225e-15 0 16 
4 2.2 -0.938506 0.5218 1 -5.87225e-15 -1.61487e-15 32 
4 2.2 -1.18999 0.465074 1 -5.87225e-15 -8.07435e-16 64 
4 2.2 -1.26199 0.566202 1 5.87225e-15 1.61487e-15 128 
4 2.2 -0.773442 0.268156 1 0 4.03717e-16 256 
4 2.2 -1.7556 0.733752 1 1.17445e-14 3.22974e-15 512 
4 2.2 -1.1888 0.491266 1 -5.87225e-15 -8.07435e-16 1024 
4 2.2 -0.672887 0.272759 1 5.87225e-15 -4.03717e-16 8 
4 2.2 -0.72419 0.411181 1 0 0 16 
4 2.2 -1.16419 0.515353 1 0 0 32 
4 2.2 -1.23112 0.586627 1 -5.87225e-15 0 64 
4 2.2 -1.31738 0.559441 1 0 -1.61487e-15 128 
4 2.2 -1.26412 0.59817 1 5.87225e-15 -1.61487e-15 256 
4 2.2 -1.64359 0.645515 1 0 0 512 
4 2.2 -1.45875 0.678194 1 0 -1.61487e-15 1024 
4 2.2 -0.535993 0.159815 1 -2.93613e-15 1.00929e-16 8 
4 2.2 -1.08107 0.507503 1 1.17445e-14 -1.61487e-15 16 
4 2.2 -0.423168 0.077275 1 0 -2.52323e-17 32 
4 2.2 -1.39107 0.595509 1 0 -1.61487e-15 64 
4 2.2 -1.25423 0.576416 1 0 0 128 
4 2.2 -1.65003 0.702022 1 1.17445e-14 0 256 
4 2.2 -1.51296 0.644877 1 -1.17445e-14 0 512 
4 2.2 -1.1472 0.460249 1 0 0 1024 
4 2.2 -1.02693 0.560506 1 0 0 8 
4 2.2 -0.883124 0.502257 1 -5.87225e-15 1.61487e-15 16 
4 2.2 -1.22961 0.494341 1 0 0 32 
4 2.2 -1.81271 0.753818 1 1.17445e-14 0 64 
4 2.2 -1.24969 0.493035 1 0 0 128 
4 2.2 -1.50549 0.643454 1 1.17445e-14 0 256 
4 2.2 -1.49053 0.578664 1 0 -1.61487e-15 512 
4 2.2 -1.06662 0.534776 1 0 0 1024 
4 2.2 -1.09579 0.516141 1 5.87225e-15 -1.61487e-15 8 
4 2.2 -1.06603 0.460012 1 -1.17445e-14 8.07435e-16 16 
4 2.2 -1.71662 0.741178 1 -1.17445e-14 0 32 
4 2.2 -0.743336 0.370421 1 5.87225e-15 8.07435e-16 64 
4 2.2 -1.61258 0.714442 1 0 0 128 
4 2.2 -0.936611 0.477331 1 5.87225e-15 -8.07435e-16 256 
4 2.2 -0.944739 0.453197 1 0 0 512 
4 2.2 -1.74705 0.739042 1 0 0 1024 
4 2.2 -0.810282 0.419819 1 5.87225e-15 -8.07435e-16 8 
4 2.2 -0.597912 0.345732 1 0 -4.03717e-16 16 
4 2.2 -1.36204 0.681533 1 1.17445e-14 -1.61487e-15 32 
4 2.2 -1.20377 0.544364 1 1.17445e-14 0 64 
4 2.2 -1.18497 0.529542 1 5.87225e-15 -1.61487e-15 128 
4 2.2 -1.28573 0.528587 1 0 1.61487e-15 256 
4 2.2 -0.932713 0.561681 1 -5.87225e-15 -1.61487e-15 512 
4 2.2 -1.19847 0.545478 1 -1.17445e-14 -1.61487e-15 1024 
4 2.2 -0.422509 0.0853968 1 2.93613e-15 0 8 
4 2.2 -0.575668 0.170128 1 0 -1.00929e-16 16 
4 2.2 -1.55121 0.697423 1 0 1.61487e-15 32 
4 2.2 -1.60446 0.690822 1 -1.17445e-14 0 64 
4 2.2 -1.30659 0.546228 1 -5.87225e-15 -1.61487e-15 128 
4 2.2 -1.11166 0.473086 1 5.87225e-15 -8.07435e-16 256 
4 2.2 -1.14941 0.527386 1 5.87225e-15 -1.61487e-15 512 
4 2.2 -1.21441 0.545118 1 0 0 1024 
4 2.2 -1.52099 0.640521 1 0 1.61487e-15 8 
4 2.2 -0.677932 0.345962 1 0 0 16 
4 2.2 -1.10829 0.509089 1 -5.87225e-15 1.61487e-15 32 
4 2.2 -0.949507 0.365556 1 -5.87225e-15 -8.07435e-16 64 
4 2.2 -0.541262 0.2825 1 0 0 128 
4 2.2 -0.95238 0.485096 1 -5.87225e-15 -8.07435e-16 256 
4 2.2 -1.32887 0.593 1 5.87225e-15 0 512 
4 2.2 -1.68125 0.638054 1 0 -1.61487e-15 1024 
4 2.2 -0.836537 0.356093 1 5.87225e-15 0 8 
4 2.2 -1.11476 0.516435 1 0 -1.61487e-15 16 
4 2.2 -1.0887 0.532544 1 5.87225e-15 -1.61487e-15 32 
4 2.2 -1.68805 0.709484 1 1.17445e-14 -3.22974e-15 64 
4 2.2 -1.4092 0.582497 1 1.17445e-14 0 128 
4 2.2 -1.29276 0.597171 1 -5.87225e-15 -1.61487e-15 256 
4 2.2 -0.995178 0.428783 1 0 -8.07435e-16 512 
4 2.2 -1.05461 0.47611 1 -5.87225e-15 8.07435e-16 1024 
4 2.2 -0.942821 0.323038 1 0 -4.03717e-16 8 
4 2.2 -1.11794 0.535067 1 -5.87225e-15 1.61487e-15 16 
4 2.2 -0.944485 0.470352 1 0 8.07435e-16 32 
4 2.2 -1.4191 0.593539 1 1.17445e-14 0 64 
4 2.2 -1.03687 0.517375 1 0 -1.61487e-15 128 
4 2.2 -1.4022 0.57233 1 0 0 256 
4 2.2 -1.18828 0.514999 1 0 -1.61487e-15 512 
4 2.2 -1.30818 0.598796 1 0 1.61487e-15 1024 
4 2.2 -0.847977 0.344832 1 -1.17445e-14 4.03717e-16 8 
4 2.2 -0.999293 0.51092 1 0 0 16 
4 2.2 -1.03469 0.478442 1 5.87225e-15 0 32 
4 2.2 -1.84853 0.769709 1 -1.17445e-14 -3.22974e-15 64 
4 2.2 -1.16832 0.500695 1 1.17445e-14 1.61487e-15 128 
4 2.2 -1.34181 0.544344 1 0 0 256 
4 2.2 -1.21519 0.563194 1 -5.87225e-15 1.61487e-15 512 
4 2.2 -1.25308 0.575998 1 -5.87225e-15 0 1024 
4 2.2 -0.721171 0.315759 1 0 -4.03717e-16 8 
4 2.2 -1.3872 0.60417 1 0 0 16 
4 2.2 -1.46507 0.55002 1 -1.17445e-14 -1.61487e-15 32 
4 2.2 -1.2152 0.621473 1 0 -1.61487e-15 64 
4 2.2 -0.647851 0.286219 1 -2.93613e-15 0 128 
4 2.2 -1.52949 0.684857 1 -1.17445e-14 0 256 
4 2.2 -1.57063 0.664478 1 0 -1.61487e-15 512 
4 2.2 -1.49121 0.680497 1 1.17445e-14 -1.61487e-15 1024 
4 2.2 -0.580749 0.279544 1 2.93613e-15 4.03717e-16 8 
4 2.2 -0.825221 0.279814 1 0 0 16 
4 2.2 -1.03083 0.413527 1 5.87225e-15 0 32 
4 2.2 -1.40607 0.623522 1 0 1.61487e-15 64 
4 2.2 -0.544384 0.130513 1 2.93613e-15 0 128 
4 2.2 -1.68206 0.688863 1 -1.17445e-14 1.61487e-15 256 
4 2.2 -1.919 0.771012 1 -1.17445e-14 0 512 
4 2.2 -1.48463 0.656046 1 -1.17445e-14 -1.61487e-15 1024 
4 2.2 -0.62201 0.0594929 1 -2.93613e-15 0 8 
4 2.2 -0.956969 0.148084 1 1.17445e-14 0 16 
4 2.2 -0.821674 0.365823 1 5.87225e-15 0 32 
4 2.2 -0.828416 0.372045 1 -5.87225e-15 0 64 
4 2.2 -1.31025 0.487734 1 -1.76168e-14 0 128 
4 2.2 -1.67952 0.692659 1 2.3489e-14 -1.61487e-15 256 
4 2.2 -1.38033 0.638754 1 0 -1.61487e-15 512 
4 2.2 -0.954993 0.452164 1 5.87225e-15 0 1024 
4 2.2 -0.731653 0.406454 1 0 0 8 
4 2.2 -0.894477 0.185753 1 -5.87225e-15 0 16 
4 2.2 -1.42948 0.656684 1 -1.17445e-14 0 32 
4 2.2 -1.29965 0.439136 1 0 0 64 
4 2.2 -0.920919 0.370961 1 -5.87225e-15 0 128 
4 2.2 -1.6437 0.716219 1 0 -3.22974e-15 256 
4 2.2 -1.54188 0.69804 1 1.17445e-14 -1.61487e-15 512 
4 2.2 -0.875952 0.317613 1 5.87225e-15 0 1024 
4 2.2 -0.872838 0.365179 1 0 0 8 
4 2.2 -0.779604 0.350094 1 -5.87225e-15 -4.03717e-16 16 
4 2.2 -1.04146 0.519274 1 0 0 32 
4 2.2 -1.64805 0.683312 1 0 -1.61487e-15 64 
4 2.2 -0.922711 0.388111 1 -1.17445e-14 -8.07435e-16 128 
4 2.2 -1.42248 0.652298 1 0 -1.61487e-15 256 
4 2.2 -1.4399 0.621288 1 0 0 512 
4 2.2 -0.731865 0.412175 1 5.87225e-15 0 1024 
4 2.2 -0.92373 0.360651 1 0 0 8 
4 2.2 -1.47933 0.639678 1 0 -1.61487e-15 16 
4 2.2 -1.27138 0.525099 1 5.87225e-15 1.61487e-15 32 
4 2.2 -0.913639 0.437798 1 -5.87225e-15 0 64 
4 2.2 -0.412977 0.209011 1 2.93613e-15 0 128 
4 2.2 -1.3689 0.627204 1 -1.17445e-14 1.61487e-15 256 
4 2.2 -0.95519 0.423265 1 5.87225e-15 0 512 
4 2.2 -1.23301 0.597204 1 1.17445e-14 0 1024 
4 2.2 -1.31703 0.639838 1 0 0 8 
4 2.2 -0.780552 0.379222 1 0 0 16 
4 2.2 -1.36622 0.650991 1 1.17445e-14 -1.61487e-15 32 
4 2.2 -1.2823 0.608707 1 0 1.61487e-15 64 
4 2.2 -1.05199 0.52228 1 -5.87225e-15 -1.61487e-15 128 
4 2.2 -1.24141 0.566989 1 1.76168e-14 0 256 
4 2.2 -1.37696 0.6286 1 0 1.61487e-15 512 
4 2.2 -1.38531 0.519561 1 0 0 1024 
4 2.2 -0.795201 0.263743 1 -5.87225e-15 0 8 
4 2.2 -1.18362 0.456709 1 -5.87225e-15 8.07435e-16 16 
4 2.2 -1.26273 0.554724 1 0 0 32 
4 2.2 -1.51507 0.658382 1 0 0 64 
4 2.2 -1.08656 0.481931 1 5.87225e-15 0 128 
4 2.2 -0.694157 0.381915 1 0 -8.07435e-16 256 
4 2.2 -0.783227 0.220649 1 0 -2.01859e-16 512 
4 2.2 -0.954744 0.481012 1 1.17445e-14 0 1024 
4 2.2 -1.32227 0.47197 1 -5.87225e-15 8.07435e-16 8 
4 2.2 -0.858424 0.265231 1 0 -4.03717e-16 16 
4 2.2 -1.29162 0.582914 1 0 -1.61487e-15 32 
4 2.2 -0.756416 0.197319 1 5.87225e-15 -2.01859e-16 64 
4 2.2 -1.62548 0.676589 1 0 -1.61487e-15 128 
4 2.2 -0.789931 0.411032 1 0 0 256 
4 2.2 -1.26305 0.538089 1 -5.87225e-15 1.61487e-15 512 
4 2.2 -1.20547 0.603339 1 -1.17445e-14 -1.61487e-15 1024 
4 2.2 -0.920518 0.514307 1 -5.87225e-15 1.61487e-15 8 
4 2.2 -1.71601 0.714136 1 0 0 16 
4 2.2 -1.09915 0.505069 1 0 1.61487e-15 32 
4 2.2 -1.03572 0.516223 1 0 0 64 
4 2.2 -0.761039 0.175801 1 -5.87225e-15 1.00929e-16 128 
4 2.2 -1.16048 0.523796 1 1.17445e-14 1.61487e-15 256 
4 2.2 -1.39374 0.613267 1 1.17445e-14 1.61487e-15 512 
4 2.2 -1.2184 0.538032 1 5.87225e-15 1.61487e-15 1024 
4 2.2 -1.14713 0.41781 1 5.87225e-15 -8.07435e-16 8 
4 2.2 -0.881936 0.439791 1 0 0 16 
4 2.2 -1.78325 0.735064 1 -1.17445e-14 3.22974e-15 32 
4 2.2 -1.08949 0.496887 1 -5.87225e-15 0 64 
4 2.2 -0.966203 0.444762 1 5.87225e-15 0 128 
4 2.2 -1.0904 0.517761 1 0 -1.61487e-15 256 
4 2.2 -1.46202 0.600705 1 0 -1.61487e-15 512 
4 2.2 -1.19204 0.611085 1 0 0 1024 
4 2.2 -0.74137 0.315263 1 -5.87225e-15 -4.03717e-16 8 
4 2.2 -0.885734 0.260639 1 -5.87225e-15 0 16 
4 2.2 -1.46726 0.651122 1 -1.17445e-14 -1.61487e-15 32 
4 2.2 -1.53859 0.637121 1 0 0 64 
4 2.2 -1.68008 0.730453 1 -1.17445e-14 0 128 
4 2.2 -1.05616 0.444353 1 -5.87225e-15 8.07435e-16 256 
4 2.2 -1.58295 0.699597 1 1.17445e-14 0 512 
4 2.2 -1.46052 0.59025 1 -1.17445e-14 -1.61487e-15 1024 
4 2.2 -1.0665 0.497095 1 -5.87225e-15 0 8 
4 2.2 -0.637704 0.244914 1 2.93613e-15 0 16 
4 2.2 -1.06057 0.32291 1 -5.87225e-15 0 32 
4 2.2 -0.962911 0.464411 1 5.87225e-15 -8.07435e-16 64 
4 2.2 -1.24829 0.536863 1 -5.87225e-15 0 128 
4 2.2 -1.19752 0.55209 1 0 0 256 
4 2.2 -1.18205 0.515194 1 1.17445e-14 -1.61487e-15 512 
4 2.2 -1.84194 0.734665 1 1.17445e-14 0 1024 
4 2.2 -0.574519 0.17413 1 2.93613e-15 0 8 
4 2.2 -1.2118 0.542765 1 5.87225e-15 1.61487e-15 16 
4 2.2 -1.16578 0.502402 1 0 0 32 
4 2.2 -1.17945 0.51903 1 0 -1.61487e-15 64 
4 2.2 -0.926497 0.347446 1 -5.87225e-15 -4.03717e-16 128 
4 2.2 -0.887941 0.347781 1 0 -4.03717e-16 256 
4 2.2 -1.93762 0.789543 1 1.17445e-14 0 512 
4 2.2 -1.13943 0.431645 1 5.87225e-15 0 1024 
4 2.2 -0.61317 0.387796 1 -2.93613e-15 -8.07435e-16 8 
4 2.2 -1.45193 0.618786 1 -1.17445e-14 0 16 
4 2.2 -1.22654 0.486485 1 0 -8.07435e-16 32 
4 2.2 -0.99066 0.427444 1 5.87225e-15 8.07435e-16 64 
4 2.2 -1.52166 0.632157 1 0 0 128 
4 2.2 -0.842641 0.335919 1 0 -4.03717e-16 256 
4 2.2 -0.852846 0.404045 1 5.87225e-15 -8.07435e-16 512 
4 2.2 -1.45409 0.614298 1 0 0 1024 
4 2.2 -1.16965 0.583077 1 5.87225e-15 0 8 
4 2.2 -1.37422 0.645751 1 0 0 16 
4 2.2 -1.89136 0.760435 1 -2.3489e-14 0 32 
4 2.2 -1.09262 0.56085 1 5.87225e-15 1.61487e-15 64 
4 2.2 -1.06067 0.536805 1 5.87225e-15 -1.61487e-15 128 
4 2.2 -0.993781 0.312594 1 -1.17445e-14 4.03717e-16 256 
4 2.2 -1.44735 0.592518 1 -1.17445e-14 0 512 
4 2.2 -0.972657 0.51687 1 -5.87225e-15 -1.61487e-15 1024 
4 2.2 -1.10294 0.465592 1 0 8.07435e-16 8 
4 2.2 -0.588569 0.24806 1 2.93613e-15 -2.01859e-16 16 
4 2.2 -0.919978 0.428447 1 0 -8.07435e-16 32 
4 2.2 -1.04535 0.435104 1 -5.87225e-15 0 64 
4 2.2 -1.76327 0.698509 1 0 1.61487e-15 128 
4 2.2 -1.26937 0.523966 1 0 1.61487e-15 256 
4 2.2 -1.09881 0.47283 1 5.87225e-15 0 512 
4 2.2 -0.757454 0.323751 1 -5.87225e-15 -4.03717e-16 1024 
4 2.2 -1.34477 0.580055 1 1.17445e-14 1.61487e-15 8 
4 2.2 -0.796037 0.423263 1 0 -8.07435e-16 16 
4 2.2 -1.51333 0.612117 1 1.17445e-14 0 32 
4 2.2 -1.11768 0.550953 1 0 1.61487e-15 64 
4 2.2 -1.21715 0.526051 1 -1.17445e-14 0 128 
4 2.2 -0.921426 0.394303 1 5.87225e-15 0 256 
4 2.2 -1.64789 0.684017 1 -1.17445e-14 1.61487e-15 512 
4 2.2 -1.00104 0.389332 1 -5.87225e-15 0 1024 
4 2.2 -0.811076 0.296449 1 -5.87225e-15 0 8 
4 2.2 -0.828824 0.305758 1 0 4.03717e-16 16 
4 2.2 -1.67036 0.684127 1 1.17445e-14 0 32 
4 2.2 -0.519676 0.177426 1 0 0 64 
4 2.2 -1.28528 0.573828 1 5.87225e-15 0 128 
4 2.2 -1.56528 0.70731 1 1.17445e-14 3.22974e-15 256 
4 2.2 -0.858363 0.384715 1 -1.17445e-14 8.07435e-16 512 
4 2.2 -0.811731 0.412731 1 5.87225e-15 0 1024 
4 2.2 -0.918338 0.276394 1 -1.17445e-14 -4.03717e-16 8 
4 2.2 -1.26362 0.553601 1 0 -1.61487e-15 16 
4 2.2 -1.37845 0.630405 1 -1.17445e-14 0 32 
4 2.2 -1.23785 0.584795 1 -1.76168e-14 0 64 
4 2.2 -1.35154 0.621125 1 0 0 128 
4 2.2 -1.24409 0.51616 1 0 1.61487e-15 256 
4 2.2 -1.62143 0.705216 1 0 -1.61487e-15 512 
4 2.2 -1.55961 0.651109 1 0 0 1024 
4 2.2 -0.826996 0.17329 1 -5.87225e-15 1.00929e-16 8 
4 2.2 -0.701677 0.174898 1 0 -1.00929e-16 16 
4 2.2 -1.19054 0.546402 1 -1.17445e-14 0 32 
4 2.2 -1.31008 0.561004 1 0 0 64 
4 2.2 -1.28764 0.638989 1 0 1.61487e-15 128 
4 2.2 -1.30401 0.542325 1 -5.87225e-15 0 256 
4 2.2 -1.20004 0.4865 1 -1.17445e-14 0 512 
4 2.2 -1.57783 0.637982 1 0 0 1024 
4 2.2 -0.939311 0.509161 1 -5.87225e-15 1.61487e-15 8 
4 2.2 -1.80696 0.761327 1 0 3.22974e-15 16 
4 2.2 -0.897299 0.424641 1 1.17445e-14 0 32 
4 2.2 -1.14007 0.554586 1 5.87225e-15 0 64 
4 2.2 -0.949086 0.374007 1 0 8.07435e-16 128 
4 2.2 -1.02481 0.512757 1 0 1.61487e-15 256 
4 2.2 -1.46215 0.56481 1 1.17445e-14 0 512 
4 2.2 -1.35864 0.561652 1 1.17445e-14 0 1024 
4 2.2 -0.308124 0.200138 1 0 0 8 
4 2.2 -0.886633 0.403226 1 -5.87225e-15 0 16 
4 2.2 -1.85028 0.716659 1 0 0 32 
4 2.2 -1.71487 0.714239 1 0 0 64 
4 2.2 -1.121 0.509361 1 -5.87225e-15 1.61487e-15 128 
4 2.2 -0.880039 0.484768 1 5.87225e-15 0 256 
4 2.2 -1.38236 0.602719 1 1.17445e-14 0 512 
4 2.2 -0.698503 0.352384 1 5.87225e-15 4.03717e-16 1024 
4 2.2 -0.808979 0.279989 1 0 0 8 
4 2.2 -0.729921 0.289334 1 0 0 16 
4 2.2 -1.4337 0.581641 1 0 0 32 
4 2.2 -1.07177 0.564944 1 0 0 64 
4 2.2 -1.2899 0.605662 1 0 0 128 
4 2.2 -0.921886 0.383761 1 -5.87225e-15 0 256 
4 2.2 -1.14167 0.469876 1 5.87225e-15 -8.07435e-16 512 
4 2.2 -0.773845 0.370333 1 0 0 1024 
4 2.2 -1.08965 0.524163 1 1.17445e-14 1.61487e-15 8 
4 2.2 -0.807441 0.0869728 1 -5.87225e-15 0 16 
4 2.2 -1.10724 0.505419 1 -1.17445e-14 1.61487e-15 32 
4 2.2 -0.709008 0.242793 1 5.87225e-15 0 64 
4 2.2 -1.12475 0.49116 1 5.87225e-15 8.07435e-16 128 
4 2.2 -1.32874 0.540265 1 5.87225e-15 1.61487e-15 256 
4 2.2 -1.28116 0.584109 1 0 -1.61487e-15 512 
4 2.2 -0.931861 0.478641 1 1.17445e-14 -8.07435e-16 1024 
4 2.2 -0.667238 0.141442 1 0 -1.00929e-16 8 
4 2.2 -1.32888 0.601611 1 -5.87225e-15 -1.61487e-15 16 
4 2.2 -1.71385 0.721261 1 0 3.22974e-15 32 
4 2.2 -1.03236 0.530784 1 0 1.61487e-15 64 
4 2.2 -0.887195 0.342347 1 5.87225e-15 4.03717e-16 128 
4 2.2 -1.23551 0.600563 1 0 0 256 
4 2.2 -0.785754 0.364173 1 0 0 512 
4 2.2 -0.987597 0.442085 1 0 0 1024 
4 2.2 -0.521439 0.121367 1 0 -5.04647e-17 8 
4 2.2 -1.08952 0.506193 1 -5.87225e-15 1.61487e-15 16 
4 2.2 -1.37217 0.583989 1 0 0 32 
4 2.2 -1.59428 0.723336 1 0 0 64 
4 2.2 -0.875706 0.304126 1 0 4.03717e-16 128 
4 2.2 -1.28787 0.498876 1 0 0 256 
4 2.2 -1.59483 0.661738 1 0 1.61487e-15 512 
4 2.2 -1.28961 0.516167 1 -5.87225e-15 -1.61487e-15 1024 
4 2.2 -0.533389 0.435031 1 2.93613e-15 0 8 
4 2.2 -0.736901 0.132149 1 0 -1.00929e-16 16 
4 2.2 -1.07279 0.448278 1 0 0 32 
4 2.2 -1.37149 0.620735 1 1.17445e-14 -1.61487e-15 64 
4 2.2 -1.79185 0.708886 1 -1.17445e-14 -3.22974e-15 128 
4 2.2 -0.976343 0.45802 1 5.87225e-15 0 256 
4 2.2 -1.23988 0.472858 1 0 8.07435e-16 512 
4 2.2 -1.47974 0.655801 1 1.17445e-14 -1.61487e-15 1024 
4 2.2 -0.739605 0.360713 1 0 0 8 
4 2.2 -1.14594 0.397545 1 0 0 16 
4 2.2 -1.15307 0.436358 1 -1.17445e-14 -8.07435e-16 32 
4 2.2 -0.754143 0.195929 1 -5.87225e-15 2.01859e-16 64 
4 2.2 -0.474146 0.11821 1 5.87225e-15 0 128 
4 2.2 -0.743626 0.41181 1 -5.87225e-15 -8.07435e-16 256 
4 2.2 -1.0525 0.555646 1 -5.87225e-15 1.61487e-15 512 
4 2.2 -1.3797 0.664109 1 1.17445e-14 -1.61487e-15 1024 
4 2.2 -0.639676 0.196011 1 -2.93613e-15 0 8 
4 2.2 -0.905198 0.220563 1 0 0 16 
4 2.2 -0.962541 0.392481 1 0 0 32 
4 2.2 -1.15063 0.491386 1 5.87225e-15 0 64 
4 2.2 -0.73702 0.425209 1 0 8.07435e-16 128 
4 2.2 -0.933449 0.33262 1 5.87225e-15 -4.03717e-16 256 
4 2.2 -0.581493 0.0659702 1 2.93613e-15 2.52323e-17 512 
4 2.2 -1.04426 0.517615 1 5.87225e-15 0 1024 
4 2.2 -0.781471 0.339435 1 0 0 8 
4 2.2 -1.26445 0.564705 1 -1.17445e-14 1.61487e-15 16 
4 2.2 -1.47481 0.577631 1 0 1.61487e-15 32 
4 2.2 -1.2542 0.560135 1 1.17445e-14 0 64 
4 2.2 -0.672187 0.368844 1 5.87225e-15 0 128 
4 2.2 -1.11209 0.534729 1 0 1.61487e-15 256 
4 2.2 -1.21907 0.539335 1 0 0 512 
4 2.2 -0.889594 0.425524 1 0 0 1024 
4 2.2 -0.736479 0.304442 1 5.87225e-15 0 8 
4 2.2 -1.42809 0.608614 1 0 -1.61487e-15 16 
4 2.2 -1.25807 0.552026 1 0 -1.61487e-15 32 
4 2.2 -1.58495 0.709892 1 -1.17445e-14 0 64 
4 2.2 -1.438 0.587745 1 -1.17445e-14 0 128 
4 2.2 -1.13402 0.508704 1 5.87225e-15 1.61487e-15 256 
4 2.2 -1.01026 0.471249 1 0 0 512 
4 2.2 -1.76392 0.687403 1 0 0 1024 
4 2.2 -0.613362 0.327894 1 5.87225e-15 0 8 
4 2.2 -1.62723 0.72169 1 0 0 16 
4 2.2 -0.996282 0.501881 1 0 0 32 
4 2.2 -1.21685 0.551458 1 5.87225e-15 1.61487e-15 64 
4 2.2 -1.23434 0.559974 1 -5.87225e-15 1.61487e-15 128 
4 2.2 -1.1588 0.533648 1 0 0 256 
4 2.2 -1.16993 0.507283 1 0 1.61487e-15 512 
4 2.2 -1.05606 0.453089 1 0 0 1024 
4 2.2 -1.09913 0.585855 1 -5.87225e-15 -1.61487e-15 8 
4 2.2 -1.16882 0.576501 1 1.17445e-14 1.61487e-15 16 
4 2.2 -0.449456 0.107916 1 0 0 32 
4 2.2 -0.812612 0.429565 1 0 0 64 
4 2.2 -1.19163 0.611375 1 -5.87225e-15 1.61487e-15 128 
4 2.2 -1.13246 0.474328 1 0 8.07435e-16 256 
4 2.2 -1.02141 0.483435 1 1.17445e-14 0 512 
4 2.2 -0.772474 0.174746 1 5.87225e-15 0 1024 
4 2.2 -0.751706 0.469673 1 0 -8.07435e-16 8 
4 2.2 -1.44946 0.654661 1 0 -1.61487e-15 16 
4 2.2 -0.972274 0.376145 1 -5.87225e-15 0 32 
4 2.2 -0.987749 0.42118 1 0 0 64 
4 2.2 -0.790158 0.341359 1 5.87225e-15 -4.03717e-16 128 
4 2.2 -0.862741 0.395708 1 -5.87225e-15 0 256 
4 2.2 -1.49657 0.568142 1 0 1.61487e-15 512 
4 2.2 -0.751917 0.119426 1 -5.87225e-15 0 1024 
4 2.2 -0.692793 0.258644 1 5.87225e-15 0 8 
4 2.2 -1.04719 0.413538 1 -5.87225e-15 0 16 
4 2.2 -1.74165 0.734758 1 1.17445e-14 0 32 
4 2.2 -0.84134 0.430411 1 0 8.07435e-16 64 
4 2.2 -0.812418 0.0666391 1 0 2.52323e-17 128 
4 2.2 -1.15104 0.545216 1 0 1.61487e-15 256 
4 2.2 -0.883028 0.30973 1 -1.17445e-14 0 512 
4 2.2 -1.43196 0.688032 1 1.17445e-14 1.61487e-15 1024 
4 2.2 -1.05498 0.497395 1 1.17445e-14 0 8 
4 2.2 -1.28077 0.620975 1 0 -1.61487e-15 16 
4 2.2 -1.38665 0.650495 1 0 1.61487e-15 32 
4 2.2 -0.970871 0.373285 1 1.17445e-14 0 64 
4 2.2 -1.04149 0.494899 1 0 0 128 
4 2.2 -1.90115 0.749402 1 0 0 256 
4 2.2 -1.49413 0.691457 1 0 1.61487e-15 512 
4 2.2 -1.17444 0.511325 1 -1.17445e-14 -1.61487e-15 1024 
4 2.2 -0.893754 0.274078 1 0 0 8 
4 2.2 -1.31706 0.597031 1 5.87225e-15 -1.61487e-15 16 
4 2.2 -1.14858 0.517518 1 0 1.61487e-15 32 
4 2.2 -1.05306 0.489831 1 5.87225e-15 -8.07435e-16 64 
4 2.2 -1.32417 0.620607 1 -5.87225e-15 0 128 
4 2.2 -0.467174 0.221153 1 0 -2.01859e-16 256 
4 2.2 -1.10685 0.571876 1 1.17445e-14 1.61487e-15 512 
4 2.2 -1.2831 0.584061 1 5.87225e-15 0 1024 
4 2.2 -1.5922 0.668173 1 0 -1.61487e-15 8 
4 2.2 -1.1133 0.52782 1 0 0 16 
4 2.2 -1.71892 0.690277 1 0 1.61487e-15 32 
4 2.2 -1.24974 0.522402 1 -5.87225e-15 1.61487e-15 64 
4 2.2 -1.45433 0.627806 1 0 0 128 
4 2.2 -1.32043 0.598913 1 5.87225e-15 0 256 
4 2.2 -0.84837 0.330869 1 5.87225e-15 -4.03717e-16 512 
4 2.2 -1.00805 0.490477 1 -5.87225e-15 0 1024 
4 2.2 -0.780575 0.409847 1 -1.17445e-14 8.07435e-16 8 
4 2.2 -0.584649 0.138567 1 -2.93613e-15 0 16 
4 2.2 -0.63039 0.160276 1 5.87225e-15 1.00929e-16 32 
4 2.2 -0.697593 0.358485 1 0 0 64 
4 2.2 -1.25629 0.616922 1 -5.87225e-15 -1.61487e-15 128 
4 2.2 -1.06734 0.486394 1 -5.87225e-15 0 256 
4 2.2 -1.1301 0.57421 1 -1.17445e-14 1.61487e-15 512 
4 2.2 -1.08809 0.435985 1 -5.87225e-15 0 1024 
4 2.2 -1.09437 0.501958 1 0 1.61487e-15 8 
4 2.2 -0.915581 0.483635 1 0 0 16 
4 2.2 -1.54547 0.67157 1 0 1.61487e-15 32 
4 2.2 -0.684772 0.384102 1 5.87225e-15 0 64 
4 2.2 -0.842867 0.48737 1 0 0 128 
4 2.2 -1.91599 0.757917 1 1.17445e-14 0 256 
4 2.2 -1.89008 0.751297 1 -1.17445e-14 0 512 
4 2.2 -1.1434 0.568906 1 0 0 1024 
4 2.2 -1.09072 0.477268 1 -1.17445e-14 8.07435e-16 8 
4 2.2 -1.6056 0.68541 1 1.17445e-14 0 16 
4 2.2 -1.33823 0.570547 1 0 0 32 
4 2.2 -1.73515 0.712669 1 0 -3.22974e-15 64 
4 2.2 -1.23618 0.584869 1 5.87225e-15 -1.61487e-15 128 
4 2.2 -1.64924 0.723896 1 0 0 256 
4 2.2 -1.21156 0.60261 1 0 1.61487e-15 512 
4 2.2 -1.54885 0.669511 1 2.3489e-14 -1.61487e-15 1024 
4 2.2 -0.87472 0.400668 1 5.87225e-15 0 8 
4 2.2 -0.988473 0.43339 1 0 8.07435e-16 16 
4 2.2 -1.04508 0.353209 1 -5.87225e-15 0 32 
4 2.2 -0.652852 0.326449 1 -2.93613e-15 -4.03717e-16 64 
4 2.2 -1.57967 0.708384 1 -2.3489e-14 0 128 
4 2.2 -1.16096 0.477445 1 -1.17445e-14 0 256 
4 2.2 -1.31411 0.563285 1 -5.87225e-15 1.61487e-15 512 
4 2.2 -0.756193 0.397818 1 0 -8.07435e-16 1024 
4 2.2 -0.380089 0.230985 1 -2.93613e-15 -2.01859e-16 8 
4 2.2 -1.13643 0.561217 1 5.87225e-15 -1.61487e-15 16 
4 2.2 -0.716145 0.208945 1 -5.87225e-15 2.01859e-16 32 
4 2.2 -0.889981 0.402128 1 0 0 64 
4 2.2 -0.719094 0.334309 1 5.87225e-15 -4.03717e-16 128 
4 2.2 -1.46113 0.693395 1 0 1.61487e-15 256 
4 2.2 -1.59705 0.65728 1 0 -1.61487e-15 512 
4 2.2 -0.953596 0.442836 1 5.87225e-15 0 1024 
4 2.2 -1.3954 0.566267 1 -1.17445e-14 1.61487e-15 8 
4 2.2 -0.511406 0.285695 1 0 4.03717e-16 16 
4 2.2 -1.22734 0.531593 1 -5.87225e-15 1.61487e-15 32 
4 2.2 -1.09822 0.4512 1 0 8.07435e-16 64 
4 2.2 -0.979224 0.334723 1 0 0 128 
4 2.2 -1.22854 0.595077 1 5.87225e-15 1.61487e-15 256 
4 2.2 -0.894763 0.344111 1 -1.17445e-14 -4.03717e-16 512 
4 2.2 -1.05552 0.539755 1 -5.87225e-15 0 1024 
4 2.2 -0.692433 0.328651 1 0 0 8 
4 2.2 -0.608 0.211001 1 2.93613e-15 2.01859e-16 16 
4 2.2 -1.06643 0.581115 1 5.87225e-15 0 32 
4 2.2 -1.20422 0.526325 1 -1.17445e-14 0 64 
4 2.2 -0.868406 0.345803 1 0 0 128 
4 2.2 -1.48209 0.678617 1 1.17445e-14 1.61487e-15 256 
4 2.2 -0.75883 0.313903 1 0 -4.03717e-16 512 
4 2.2 -1.33776 0.611456 1 1.17445e-14 -1.61487e-15 1024 
4 2.2 -0.98856 0.514198 1 0 1.61487e-15 8 
4 2.2 -0.893216 0.453508 1 0 8.07435e-16 16 
4 2.2 -1.82653 0.711506 1 0 3.22974e-15 32 
4 2.2 -1.25676 0.565193 1 1.17445e-14 0 64 
4 2.2 -0.596063 0.0753654 1 0 -2.52323e-17 128 
4 2.2 -1.04525 0.482747 1 5.87225e-15 0 256 
4 2.2 -1.59915 0.662759 1 0 1.61487e-15 512 
4 2.2 -1.12919 0.497796 1 0 8.07435e-16 1024 
4 2.2 -0.882181 0.276426 1 -5.87225e-15 0 8 
4 2.2 -1.12145 0.561542 1 -5.87225e-15 1.61487e-15 16 
4 2.2 -0.756649 0.330592 1 5.87225e-15 0 32 
4 2.2 -1.69921 0.706928 1 1.17445e-14 1.61487e-15 64 
4 2.2 -1.69653 0.691259 1 1.17445e-14 -1.61487e-15 128 
4 2.2 -1.78538 0.750832 1 0 0 256 
4 2.2 -0.728921 0.375853 1 0 0 512 
4 2.2 -1.82225 0.728652 1 0 0 1024 
4 2.2 -0.893451 0.39122 1 5.87225e-15 8.07435e-16 8 
4 2.2 -1.25102 0.588559 1 -1.17445e-14 1.61487e-15 16 
4 2.2 -1.50692 0.692815 1 0 1.61487e-15 32 
4 2.2 -1.92507 0.743213 1 -1.17445e-14 0 64 
4 2.2 -1.22051 0.595003 1 5.87225e-15 0 128 
4 2.2 -1.00498 0.534597 1 0 0 256 
4 2.2 -0.870852 0.151788 1 0 0 512 
4 2.2 -1.27237 0.631469 1 -5.87225e-15 0 1024 
4 2.2 -0.846811 0.331759 1 0 -4.03717e-16 8 
4 2.2 -0.64629 0.203894 1 -2.93613e-15 -2.01859e-16 16 
4 2.2 -0.987971 0.509422 1 0 -1.61487e-15 32 
4 2.2 -1.5573 0.651428 1 -1.17445e-14 1.61487e-15 64 
4 2.2 -1.22926 0.558079 1 -5.87225e-15 1.61487e-15 128 
4 2.2 -1.3588 0.63592 1 0 -1.61487e-15 256 
4 2.2 -1.50387 0.661027 1 -1.17445e-14 -1.61487e-15 512 
4 2.2 -0.797915 0.253498 1 -5.87225e-15 0 1024 
4 2.2 -1.00157 0.511563 1 0 0 8 
4 2.2 -1.6127 0.703519 1 1.17445e-14 0 16 
4 2.2 -0.782108 0.115299 1 -5.87225e-15 -5.04647e-17 32 
4 2.2 -1.402 0.628024 1 0 0 64 
4 2.2 -1.31637 0.579522 1 5.87225e-15 -1.61487e-15 128 
4 2.2 -0.808551 0.415565 1 -5.87225e-15 0 256 
4 2.2 -1.37081 0.612896 1 1.17445e-14 1.61487e-15 512 
4 2.2 -1.08321 0.525831 1 0 -1.61487e-15 1024 
4 2.2 -0.732899 0.19538 1 0 2.01859e-16 8 
4 2.2 -0.898186 0.313392 1 -5.87225e-15 4.03717e-16 16 
4 2.2 -1.01125 0.372984 1 0 0 32 
4 2.2 -1.15665 0.572636 1 5.87225e-15 1.61487e-15 64 
4 2.2 -0.663475 0.151499 1 2.93613e-15 -1.00929e-16 128 
4 2.2 -1.5249 0.605217 1 0 -1.61487e-15 256 
4 2.2 -1.32018 0.628888 1 -5.87225e-15 0 512 
4 2.2 -1.44473 0.567452 1 1.17445e-14 0 1024 
4 2.2 -1.20315 0.492821 1 -1.17445e-14 0 8 
4 2.2 -0.860444 0.299696 1 0 4.03717e-16 16 
4 2.2 -1.15216 0.541274 1 5.87225e-15 -1.61487e-15 32 
4 2.2 -1.85972 0.759195 1 0 3.22974e-15 64 
4 2.2 -0.989125 0.440315 1 0 0 128 
4 2.2 -1.13772 0.424094 1 0 0 256 
4 2.2 -0.669183 0.29474 1 -5.87225e-15 0 512 
4 2.2 -0.851259 0.158435 1 0 0 1024 
4 2.2 -0.823648 0.409829 1 0 0 8 
4 2.2 -1.30027 0.550817 1 -5.87225e-15 -1.61487e-15 16 
4 2.2 -1.40403 0.549145 1 2.3489e-14 0 32 
4 2.2 -1.31034 0.532968 1 5.87225e-15 0 64 
4 2.2 -1.19926 0.495651 1 0 0 128 
4 2.2 -1.00732 0.484841 1 5.87225e-15 -8.07435e-16 256 
4 2.2 -0.853118 0.3073 1 0 -4.03717e-16 512 
4 2.2 -1.17817 0.548033 1 5.87225e-15 1.61487e-15 1024 
4 2.2 -1.24037 0.555609 1 0 -1.61487e-15 8 
4 2.2 -0.658713 0.333512 1 2.93613e-15 0 16 
4 2.2 -1.00053 0.493066 1 0 0 32 
4 2.2 -0.818701 0.425297 1 -5.87225e-15 0 64 
4 2.2 -1.32161 0.550366 1 -5.87225e-15 -1.61487e-15 128 
4 2.2 -1.53038 0.598808 1 0 1.61487e-15 256 
4 2.2 -1.48495 0.688497 1 1.17445e-14 0 512 
4 2.2 -1.57012 0.66439 1 1.17445e-14 0 1024 
4 2.2 -0.737609 0.372723 1 0 0 8 
4 2.2 -1.27553 0.564618 1 0 1.61487e-15 16 
4 2.2 -1.42886 0.626681 1 0 -1.61487e-15 32 
4 2.2 -1.35001 0.525753 1 -1.17445e-14 0 64 
4 2.2 -1.423 0.62627 1 0 0 128 
4 2.2 -0.988607 0.306695 1 5.87225e-15 0 256 
4 2.2 -0.710731 0.335179 1 0 4.03717e-16 512 
4 2.2 -1.22239 0.549192 1 -5.87225e-15 -1.61487e-15 1024 
4 2.2 -0.958916 0.442697 1 5.87225e-15 8.07435e-16 8 
4 2.2 -1.44022 0.625684 1 -1.17445e-14 -1.61487e-15 16 
4 2.2 -1.09348 0.58016 1 0 0 32 
4 2.2 -1.23506 0.593878 1 -5.87225e-15 0 64 
4 2.2 -1.49117 0.631252 1 0 0 128 
4 2.2 -0.821645 0.349398 1 0 0 256 
4 2.2 -1.05329 0.495916 1 5.87225e-15 -8.07435e-16 512 
4 2.2 -1.76575 0.697757 1 0 0 1024 
4 2.2 -0.750783 0.30067 1 -5.87225e-15 0 8 
4 2.2 -0.967037 0.346929 1 -5.87225e-15 0 16 
4 2.2 -1.60386 0.589059 1 -1.17445e-14 0 32 
4 2.2 -1.06788 0.393853 1 0 0 64 
4 2.2 -1.38374 0.626817 1 1.17445e-14 0 128 
4 2.2 -1.56828 0.697857 1 0 -1.61487e-15 256 
4 2.2 -0.940165 0.511558 1 -5.87225e-15 0 512 
4 2.2 -1.2216 0.497467 1 -5.87225e-15 0 1024 
4 2.2 -1.70048 0.713671 1 1.17445e-14 0 8 
4 2.2 -1.00299 0.391664 1 5.87225e-15 0 16 
4 2.2 -1.61829 0.725645 1 1.17445e-14 0 32 
4 2.2 -1.19964 0.607353 1 -5.87225e-15 1.61487e-15 64 
4 2.2 -1.30623 0.541796 1 0 -1.61487e-15 128 
4 2.2 -1.13787 0.452797 1 -5.87225e-15 0 256 
4 2.2 -1.21727 0.523955 1 -5.87225e-15 -1.61487e-15 512 
4 2.2 -0.813196 0.266254 1 -5.87225e-15 -4.03717e-16 1024 
