8 3 -0.596631 0.212934 1 0 0 16 
8 3 -0.609552 0.122408 1 -1.26319e-14 0 32 
8 3 -0.478551 0.0735825 1 0 1.4803e-16 64 
8 3 -0.518847 0.132609 1 0 5.92119e-16 128 
8 3 -0.577201 0.0851161 1 0 0 256 
8 3 -0.487072 0.0699453 1 2.52637e-14 0 512 
8 3 -0.595381 0.207072 1 -1.26319e-14 0 1024 
8 3 -0.667792 0.269447 1 -2.52637e-14 0 16 
8 3 -0.598924 0.0668078 1 1.26319e-14 1.4803e-16 32 
8 3 -0.506299 0.0565881 1 0 7.40149e-17 64 
8 3 -0.481627 0.041667 1 1.26319e-14 3.70074e-17 128 
8 3 -0.594885 0.0243273 1 0 -1.85037e-17 256 
8 3 -0.549292 0.110681 1 0 0 512 
8 3 -0.596392 0.102086 1 -1.26319e-14 0 1024 
8 3 -0.796795 0.306629 1 2.52637e-14 0 16 
8 3 -0.491102 0.0560211 1 0 0 32 
8 3 -0.646541 0.0784668 1 1.26319e-14 1.4803e-16 64 
8 3 -0.571729 0.146607 1 -1.26319e-14 0 128 
8 3 -0.46539 0.034855 1 0 3.70074e-17 256 
8 3 -0.544272 0.176118 1 -1.26319e-14 -5.92119e-16 512 
8 3 -0.490008 0.0173342 1 1.26319e-14 0 1024 
8 3 -0.611994 0.201073 1 0 0 16 
8 3 -0.560058 0.127744 1 0 5.92119e-16 32 
8 3 -0.510539 0.141197 1 1.26319e-14 -5.92119e-16 64 
8 3 -0.574709 0.088017 1 0 0 128 
8 3 -0.643862 0.0693298 1 0 1.4803e-16 256 
8 3 -0.557784 0.0788637 1 0 -1.4803e-16 512 
8 3 -0.626643 0.117122 1 -2.52637e-14 2.96059e-16 1024 
8 3 -0.732964 0.259821 1 2.52637e-14 -2.36848e-15 16 
8 3 -0.572026 0.0550302 1 0 0 32 
8 3 -0.607487 0.101451 1 1.26319e-14 -2.96059e-16 64 
8 3 -0.625171 0.0664413 1 0 1.4803e-16 128 
8 3 -0.471815 0.0833426 1 0 1.4803e-16 256 
8 3 -0.55807 0.0715461 1 2.52637e-14 -1.4803e-16 512 
8 3 -0.486923 0.0383299 1 0 0 1024 
8 3 -0.503159 0.0884786 1 0 0 16 
8 3 -0.725218 0.0949927 1 0 -2.96059e-16 32 
8 3 -0.591263 0.0407082 1 -2.52637e-14 3.70074e-17 64 
8 3 -0.474098 0.0750035 1 0 0 128 
8 3 -0.559512 0.109364 1 0 0 256 
8 3 -0.461131 0.0971614 1 -1.26319e-14 0 512 
8 3 -0.533782 0.0275192 1 0 0 1024 
8 3 -0.607511 0.164459 1 2.52637e-14 -5.92119e-16 16 
8 3 -0.493002 0.134072 1 0 -5.92119e-16 32 
8 3 -0.484442 0.156904 1 -1.26319e-14 0 64 
8 3 -0.56935 0.0890531 1 -1.26319e-14 2.96059e-16 128 
8 3 -0.583432 0.0711153 1 -1.26319e-14 -1.4803e-16 256 
8 3 -0.622149 0.111651 1 1.26319e-14 0 512 
8 3 -0.643119 0.0887744 1 -1.26319e-14 2.96059e-16 1024 
8 3 -0.675328 0.181323 1 0 0 16 
8 3 -0.62065 0.135232 1 1.26319e-14 -5.92119e-16 32 
8 3 -0.614729 0.251449 1 -1.26319e-14 0 64 
8 3 -0.600572 0.0950673 1 1.26319e-14 0 128 
8 3 -0.489887 0.129145 1 -1.26319e-14 -5.92119e-16 256 
8 3 -0.555819 0.140716 1 -1.26319e-14 5.92119e-16 512 
8 3 -0.629066 0.0222414 1 -1.26319e-14 -1.85037e-17 1024 
8 3 -0.570149 0.155732 1 -1.26319e-14 0 16 
8 3 -0.543752 0.0896658 1 0 -2.96059e-16 32 
8 3 -0.622767 0.0785461 1 1.26319e-14 1.4803e-16 64 
8 3 -0.604486 0.0862478 1 1.26319e-14 -1.4803e-16 128 
8 3 -0.637606 0.180649 1 -1.26319e-14 0 256 
8 3 -0.463158 0.0810868 1 0 1.4803e-16 512 
8 3 -0.660558 0.196725 1 -3.78956e-14 1.18424e-15 1024 
8 3 -0.522597 0.138811 1 1.26319e-14 5.92119e-16 16 
8 3 -0.580813 0.128793 1 -2.52637e-14 0 32 
8 3 -0.599469 0.152726 1 -1.26319e-14 0 64 
8 3 -0.534396 0.102928 1 -1.26319e-14 -2.96059e-16 128 
8 3 -0.479478 0.0529463 1 0 0 256 
8 3 -0.478973 0.0243713 1 0 0 512 
8 3 -0.531097 0.136791 1 0 5.92119e-16 1024 
8 3 -0.649625 0.287553 1 0 2.36848e-15 16 
8 3 -0.547675 0.101847 1 -2.52637e-14 0 32 
8 3 -0.554047 0.101468 1 0 0 64 
8 3 -0.527376 0.0495944 1 -1.26319e-14 7.40149e-17 128 
8 3 -0.547144 0.0836948 1 0 1.4803e-16 256 
8 3 -0.478579 0.046152 1 0 0 512 
8 3 -0.579428 0.0729272 1 -1.26319e-14 1.4803e-16 1024 
8 3 -0.624368 0.190483 1 -1.26319e-14 0 16 
8 3 -0.537606 0.0677821 1 -2.52637e-14 -1.4803e-16 32 
8 3 -0.583067 0.0928084 1 0 0 64 
8 3 -0.508441 0.076011 1 -1.26319e-14 1.4803e-16 128 
8 3 -0.563007 0.0604899 1 1.26319e-14 -7.40149e-17 256 
8 3 -0.589321 0.0402476 1 0 -3.70074e-17 512 
8 3 -0.621898 0.15776 1 0 5.92119e-16 1024 
8 3 -0.677569 0.238796 1 -2.52637e-14 0 16 
8 3 -0.543196 0.15428 1 1.26319e-14 0 32 
8 3 -0.488694 0.019981 1 0 9.25186e-18 64 
8 3 -0.475993 0.0942425 1 0 0 128 
8 3 -0.634041 0.0513777 1 -2.52637e-14 0 256 
8 3 -0.6306 0.0624063 1 1.26319e-14 -7.40149e-17 512 
8 3 -0.45971 0.147703 1 0 -5.92119e-16 1024 
8 3 -0.674268 0.291591 1 0 2.36848e-15 16 
8 3 -0.600904 0.150653 1 1.26319e-14 -5.92119e-16 32 
8 3 -0.590327 0.0915129 1 0 2.96059e-16 64 
8 3 -0.643835 0.165402 1 -1.26319e-14 0 128 
8 3 -0.523123 0.052841 1 0 -7.40149e-17 256 
8 3 -0.596942 0.0396364 1 0 0 512 
8 3 -0.506677 0.0597038 1 0 0 1024 
8 3 -0.596754 0.126798 1 -1.26319e-14 0 16 
8 3 -0.560198 0.0339487 1 0 0 32 
8 3 -0.483013 0.0631473 1 -1.26319e-14 0 64 
8 3 -0.552159 0.00781971 1 1.26319e-14 2.31296e-18 128 
8 3 -0.567098 0.0793061 1 0 1.4803e-16 256 
8 3 -0.493906 0.0616303 1 -1.26319e-14 -7.40149e-17 512 
8 3 -0.578227 0.147197 1 1.26319e-14 0 1024 
8 3 -0.515776 0.120502 1 1.26319e-14 0 16 
8 3 -0.613223 0.0795078 1 0 1.4803e-16 32 
8 3 -0.59149 0.0597287 1 2.52637e-14 0 64 
8 3 -0.636237 0.0596724 1 1.26319e-14 -7.40149e-17 128 
8 3 -0.544336 0.0895803 1 -1.26319e-14 0 256 
8 3 -0.505873 0.0414882 1 0 3.70074e-17 512 
8 3 -0.557931 0.0834206 1 1.26319e-14 1.4803e-16 1024 
8 3 -0.68434 0.146364 1 0 0 16 
8 3 -0.737455 0.109251 1 2.52637e-14 -2.96059e-16 32 
8 3 -0.651074 0.153325 1 1.26319e-14 5.92119e-16 64 
8 3 -0.580272 0.170306 1 1.26319e-14 5.92119e-16 128 
8 3 -0.661284 0.197811 1 1.26319e-14 0 256 
8 3 -0.500222 0.0397502 1 0 0 512 
8 3 -0.431746 0.121425 1 0 0 1024 
8 3 -0.591181 0.194265 1 0 0 16 
8 3 -0.63416 0.139428 1 1.26319e-14 0 32 
8 3 -0.501712 0.0744559 1 0 1.4803e-16 64 
8 3 -0.614029 0.157544 1 0 0 128 
8 3 -0.481664 0.0900726 1 0 -2.96059e-16 256 
8 3 -0.596136 0.0958049 1 2.52637e-14 0 512 
8 3 -0.561234 0.038274 1 -1.26319e-14 -3.70074e-17 1024 
8 3 -0.559803 0.134382 1 1.26319e-14 -5.92119e-16 16 
8 3 -0.547792 0.112847 1 0 0 32 
8 3 -0.576814 0.0685729 1 1.26319e-14 0 64 
8 3 -0.652525 0.0969156 1 1.26319e-14 2.96059e-16 128 
8 3 -0.560071 0.103156 1 -2.52637e-14 -2.96059e-16 256 
8 3 -0.659672 0.083726 1 3.78956e-14 1.4803e-16 512 
8 3 -0.572709 0.0801327 1 1.26319e-14 -1.4803e-16 1024 
8 3 -0.619343 0.171831 1 1.26319e-14 -5.92119e-16 16 
8 3 -0.514947 0.0394698 1 -1.26319e-14 0 32 
8 3 -0.548386 0.0567444 1 1.26319e-14 0 64 
8 3 -0.597216 0.0526037 1 0 0 128 
8 3 -0.582562 0.072616 1 -1.26319e-14 1.4803e-16 256 
8 3 -0.553911 0.0470211 1 -1.26319e-14 0 512 
8 3 -0.605099 0.0238198 1 0 0 1024 
8 3 -0.726077 0.217426 1 0 1.18424e-15 16 
8 3 -0.465294 0.0479772 1 0 0 32 
8 3 -0.60847 0.0691547 1 -1.26319e-14 1.4803e-16 64 
8 3 -0.65137 0.166575 1 -1.26319e-14 -5.92119e-16 128 
8 3 -0.628873 0.0386891 1 0 3.70074e-17 256 
8 3 -0.496146 0.0152791 1 0 4.62593e-18 512 
8 3 -0.54963 0.223553 1 0 1.18424e-15 1024 
8 3 -0.571985 0.138694 1 0 0 16 
8 3 -0.613412 0.0211968 1 -1.26319e-14 9.25186e-18 32 
8 3 -0.586187 0.074848 1 -1.26319e-14 1.4803e-16 64 
8 3 -0.649659 0.0417364 1 -1.26319e-14 0 128 
8 3 -0.637632 0.0329077 1 -1.26319e-14 -3.70074e-17 256 
8 3 -0.60552 0.118551 1 0 0 512 
8 3 -0.559033 0.0444438 1 2.52637e-14 0 1024 
8 3 -0.614094 0.141665 1 0 0 16 
8 3 -0.580071 0.0703311 1 1.26319e-14 -1.4803e-16 32 
8 3 -0.565976 0.111072 1 1.26319e-14 2.96059e-16 64 
8 3 -0.599358 0.0681487 1 0 0 128 
8 3 -0.442618 0.109852 1 0 0 256 
8 3 -0.577023 0.0905827 1 -1.26319e-14 -2.96059e-16 512 
8 3 -0.539623 0.119525 1 -1.26319e-14 0 1024 
8 3 -0.644549 0.173878 1 -1.26319e-14 -5.92119e-16 16 
8 3 -0.478072 0.0683615 1 2.52637e-14 0 32 
8 3 -0.651985 0.183083 1 0 1.18424e-15 64 
8 3 -0.611878 0.116583 1 1.26319e-14 2.96059e-16 128 
8 3 -0.521373 0.0769626 1 1.26319e-14 -1.4803e-16 256 
8 3 -0.579485 0.095623 1 0 0 512 
8 3 -0.504532 0.0614851 1 0 7.40149e-17 1024 
8 3 -0.591084 0.172688 1 1.26319e-14 -5.92119e-16 16 
8 3 -0.507449 0.0824237 1 -2.52637e-14 0 32 
8 3 -0.571839 0.0344129 1 -1.26319e-14 0 64 
8 3 -0.578621 0.0847067 1 0 1.4803e-16 128 
8 3 -0.447472 0.0720744 1 -1.26319e-14 -1.4803e-16 256 
8 3 -0.59807 0.200198 1 -1.26319e-14 0 512 
8 3 -0.52411 0.0403984 1 1.26319e-14 3.70074e-17 1024 
8 3 -0.582855 0.138341 1 1.26319e-14 -5.92119e-16 16 
8 3 -0.607711 0.0969373 1 0 2.96059e-16 32 
8 3 -0.557568 0.0763961 1 0 1.4803e-16 64 
8 3 -0.461584 0.0707163 1 -2.52637e-14 0 128 
8 3 -0.634037 0.0703602 1 3.78956e-14 1.4803e-16 256 
8 3 -0.636118 0.15201 1 1.26319e-14 -5.92119e-16 512 
8 3 -0.511036 0.138964 1 0 0 1024 
8 3 -0.704545 0.315174 1 -2.52637e-14 0 16 
8 3 -0.644003 0.214692 1 1.26319e-14 -1.18424e-15 32 
8 3 -0.605773 0.109948 1 0 0 64 
8 3 -0.624462 0.144879 1 2.52637e-14 -5.92119e-16 128 
8 3 -0.557346 0.119933 1 1.26319e-14 2.96059e-16 256 
8 3 -0.614243 0.0567761 1 1.26319e-14 0 512 
8 3 -0.578748 0.0531497 1 -1.26319e-14 7.40149e-17 1024 
8 3 -0.469171 0.141506 1 -1.26319e-14 0 16 
8 3 -0.594799 0.217446 1 1.26319e-14 1.18424e-15 32 
8 3 -0.70151 0.146132 1 -2.52637e-14 -5.92119e-16 64 
8 3 -0.635483 0.118405 1 0 2.96059e-16 128 
8 3 -0.518363 0.0948955 1 1.26319e-14 0 256 
8 3 -0.539891 0.034188 1 0 3.70074e-17 512 
8 3 -0.558661 0.0405448 1 1.26319e-14 -3.70074e-17 1024 
8 3 -0.770209 0.251817 1 0 0 16 
8 3 -0.601708 0.0289673 1 -3.78956e-14 0 32 
8 3 -0.587846 0.140315 1 0 0 64 
8 3 -0.503242 0.0456233 1 0 0 128 
8 3 -0.507651 0.0840346 1 0 0 256 
8 3 -0.483267 0.0765385 1 -1.26319e-14 -1.4803e-16 512 
8 3 -0.560033 0.101502 1 -1.26319e-14 0 1024 
8 3 -0.575411 0.15596 1 1.26319e-14 0 16 
8 3 -0.510232 0.0916953 1 -1.26319e-14 0 32 
8 3 -0.451081 0.0620522 1 0 0 64 
8 3 -0.442564 0.0806712 1 -1.26319e-14 -1.4803e-16 128 
8 3 -0.710616 0.183265 1 0 0 256 
8 3 -0.576407 0.160773 1 2.52637e-14 0 512 
8 3 -0.570897 0.0795491 1 0 -1.4803e-16 1024 
8 3 -0.599341 0.134864 1 0 0 16 
8 3 -0.594151 0.0947645 1 1.26319e-14 -2.96059e-16 32 
8 3 -0.717141 0.132773 1 0 -5.92119e-16 64 
8 3 -0.476787 0.118972 1 0 0 128 
8 3 -0.611108 0.155048 1 1.26319e-14 5.92119e-16 256 
8 3 -0.526584 0.0991014 1 0 -2.96059e-16 512 
8 3 -0.440674 0.0291712 1 0 0 1024 
8 3 -0.589106 0.144009 1 0 -5.92119e-16 16 
8 3 -0.737636 0.233343 1 -2.52637e-14 0 32 
8 3 -0.609365 0.0516455 1 2.52637e-14 0 64 
8 3 -0.501845 0.0827744 1 -2.52637e-14 1.4803e-16 128 
8 3 -0.560062 0.0684453 1 1.26319e-14 0 256 
8 3 -0.625177 0.201685 1 0 0 512 
8 3 -0.460982 0.0397462 1 1.26319e-14 3.70074e-17 1024 
8 3 -0.690647 0.140907 1 2.52637e-14 -5.92119e-16 16 
8 3 -0.588018 0.0482553 1 0 0 32 
8 3 -0.60995 0.178779 1 -3.78956e-14 1.18424e-15 64 
8 3 -0.529969 0.0963459 1 0 -2.96059e-16 128 
8 3 -0.768274 0.136043 1 0 5.92119e-16 256 
8 3 -0.581654 0.155786 1 1.26319e-14 -5.92119e-16 512 
8 3 -0.463334 0.102297 1 -1.26319e-14 0 1024 
8 3 -0.577698 0.137051 1 -1.26319e-14 0 16 
8 3 -0.577449 0.140372 1 1.26319e-14 0 32 
8 3 -0.601628 0.0463415 1 1.26319e-14 0 64 
8 3 -0.529054 0.0401103 1 0 0 128 
8 3 -0.583119 0.0902668 1 1.26319e-14 0 256 
8 3 -0.535395 0.0567398 1 -2.52637e-14 -7.40149e-17 512 
8 3 -0.677099 0.0414968 1 -2.52637e-14 0 1024 
8 3 -0.467854 0.121717 1 1.26319e-14 -2.96059e-16 16 
8 3 -0.478307 0.0314956 1 0 3.70074e-17 32 
8 3 -0.480799 0.0322215 1 -1.26319e-14 3.70074e-17 64 
8 3 -0.690153 0.100807 1 0 -2.96059e-16 128 
8 3 -0.496221 0.053663 1 0 -7.40149e-17 256 
8 3 -0.506965 0.108022 1 -1.26319e-14 2.96059e-16 512 
8 3 -0.55738 0.13459 1 1.26319e-14 -5.92119e-16 1024 
8 3 -0.679767 0.326886 1 0 2.36848e-15 16 
8 3 -0.591368 0.195646 1 1.26319e-14 0 32 
8 3 -0.626311 0.0942014 1 0 0 64 
8 3 -0.494374 0.0952421 1 0 0 128 
8 3 -0.612403 0.1141 1 -1.26319e-14 -2.96059e-16 256 
8 3 -0.476605 0.0528407 1 -1.26319e-14 0 512 
8 3 -0.510585 0.0418424 1 2.52637e-14 0 1024 
8 3 -0.627294 0.247702 1 1.26319e-14 -1.18424e-15 16 
8 3 -0.642884 0.124223 1 0 0 32 
8 3 -0.742356 0.0989623 1 0 0 64 
8 3 -0.463905 0.130344 1 1.26319e-14 0 128 
8 3 -0.664652 0.185004 1 -1.26319e-14 1.18424e-15 256 
8 3 -0.595555 0.124865 1 0 2.96059e-16 512 
8 3 -0.575694 0.0816825 1 -2.52637e-14 -1.4803e-16 1024 
8 3 -0.570627 0.148863 1 -1.26319e-14 5.92119e-16 16 
8 3 -0.599085 0.0466295 1 0 -7.40149e-17 32 
8 3 -0.489953 0.0305832 1 0 -1.85037e-17 64 
8 3 -0.551606 0.0996458 1 0 2.96059e-16 128 
8 3 -0.606694 0.143209 1 -1.26319e-14 0 256 
8 3 -0.609103 0.164662 1 0 5.92119e-16 512 
8 3 -0.499669 0.0497974 1 -2.52637e-14 0 1024 
8 3 -0.761348 0.304565 1 -2.52637e-14 2.36848e-15 16 
8 3 -0.480147 0.0384173 1 1.26319e-14 -3.70074e-17 32 
8 3 -0.541909 0.0685068 1 0 -1.4803e-16 64 
8 3 -0.51764 0.0802018 1 3.78956e-14 1.4803e-16 128 
8 3 -0.560875 0.144247 1 2.52637e-14 0 256 
8 3 -0.492512 0.0531894 1 1.26319e-14 -7.40149e-17 512 
8 3 -0.53777 0.148353 1 0 5.92119e-16 1024 
8 3 -0.752038 0.182016 1 0 1.18424e-15 16 
8 3 -0.767465 0.262601 1 -2.52637e-14 2.36848e-15 32 
8 3 -0.618512 0.016696 1 1.26319e-14 9.25186e-18 64 
8 3 -0.551001 0.0287652 1 0 -1.85037e-17 128 
8 3 -0.534552 0.0170661 1 0 9.25186e-18 256 
8 3 -0.617755 0.134604 1 -1.26319e-14 0 512 
8 3 -0.718363 0.145224 1 2.52637e-14 -5.92119e-16 1024 
8 3 -0.479046 0.173975 1 0 5.92119e-16 16 
8 3 -0.492905 0.0803692 1 0 1.4803e-16 32 
8 3 -0.603969 0.192408 1 1.26319e-14 0 64 
8 3 -0.558955 0.112531 1 1.26319e-14 0 128 
8 3 -0.475841 0.176668 1 0 -5.92119e-16 256 
8 3 -0.517666 0.0232567 1 -1.26319e-14 0 512 
8 3 -0.664206 0.0754709 1 -1.26319e-14 1.4803e-16 1024 
8 3 -0.572565 0.162715 1 1.26319e-14 -5.92119e-16 16 
8 3 -0.654731 0.0314255 1 -2.52637e-14 0 32 
8 3 -0.486191 0.0831433 1 0 1.4803e-16 64 
8 3 -0.478108 0.113505 1 -1.26319e-14 2.96059e-16 128 
8 3 -0.50442 0.115194 1 0 -2.96059e-16 256 
8 3 -0.580808 0.134688 1 1.26319e-14 0 512 
8 3 -0.644879 0.138282 1 0 0 1024 
8 3 -0.702142 0.148039 1 2.52637e-14 0 16 
8 3 -0.590903 0.187375 1 1.26319e-14 0 32 
8 3 -0.524711 0.0413396 1 0 -3.70074e-17 64 
8 3 -0.568221 0.0406658 1 1.26319e-14 3.70074e-17 128 
8 3 -0.644352 0.14036 1 1.26319e-14 -5.92119e-16 256 
8 3 -0.519301 0.0304524 1 0 1.85037e-17 512 
8 3 -0.482851 0.0741214 1 2.52637e-14 1.4803e-16 1024 
8 3 -0.5558 0.169721 1 0 5.92119e-16 16 
8 3 -0.574774 0.105964 1 -1.26319e-14 0 32 
8 3 -0.574081 0.0805487 1 -1.26319e-14 1.4803e-16 64 
8 3 -0.556835 0.115924 1 1.26319e-14 -2.96059e-16 128 
8 3 -0.658912 0.187287 1 0 0 256 
8 3 -0.57367 0.201456 1 1.26319e-14 1.18424e-15 512 
8 3 -0.631613 0.0502095 1 -2.52637e-14 0 1024 
8 3 -0.575188 0.137843 1 1.26319e-14 0 16 
8 3 -0.505352 0.0318016 1 0 3.70074e-17 32 
8 3 -0.532638 0.0587299 1 2.52637e-14 0 64 
8 3 -0.519897 0.0761535 1 0 -1.4803e-16 128 
8 3 -0.601013 0.0865509 1 -1.26319e-14 -1.4803e-16 256 
8 3 -0.509085 0.0662169 1 0 0 512 
8 3 -0.691271 0.210628 1 0 0 1024 
8 3 -0.572492 0.220795 1 -2.52637e-14 0 16 
8 3 -0.639737 0.0837483 1 2.52637e-14 0 32 
8 3 -0.620912 0.22937 1 0 0 64 
8 3 -0.518665 0.0891478 1 0 0 128 
8 3 -0.533775 0.0173716 1 -1.26319e-14 0 256 
8 3 -0.429427 0.0160875 1 1.26319e-14 0 512 
8 3 -0.523386 0.0496852 1 1.26319e-14 0 1024 
8 3 -0.620572 0.14323 1 1.26319e-14 5.92119e-16 16 
8 3 -0.521612 0.114269 1 2.52637e-14 0 32 
8 3 -0.720581 0.101509 1 0 0 64 
8 3 -0.595503 0.0637146 1 0 0 128 
8 3 -0.714263 0.217197 1 0 1.18424e-15 256 
8 3 -0.552383 0.0652414 1 1.26319e-14 1.4803e-16 512 
8 3 -0.629412 0.0817714 1 0 1.4803e-16 1024 
8 3 -0.625334 0.263369 1 2.52637e-14 0 16 
8 3 -0.510943 0.0665068 1 0 0 32 
8 3 -0.551105 0.107124 1 1.26319e-14 0 64 
8 3 -0.459722 0.0950003 1 0 0 128 
8 3 -0.474879 0.0455984 1 0 0 256 
8 3 -0.590816 0.0920794 1 0 -2.96059e-16 512 
8 3 -0.515572 0.219407 1 -1.26319e-14 1.18424e-15 1024 
8 3 -0.532526 0.116737 1 -1.26319e-14 2.96059e-16 16 
8 3 -0.63708 0.0421573 1 1.26319e-14 3.70074e-17 32 
8 3 -0.607353 0.1274 1 -1.26319e-14 0 64 
8 3 -0.495259 0.00878954 1 0 0 128 
8 3 -0.471899 0.0310222 1 0 -1.85037e-17 256 
8 3 -0.554975 0.0768799 1 0 0 512 
8 3 -0.468917 0.0520269 1 0 0 1024 
8 3 -0.592917 0.156582 1 0 -5.92119e-16 16 
8 3 -0.549704 0.179878 1 0 -1.18424e-15 32 
8 3 -0.542424 0.0785244 1 -1.26319e-14 1.4803e-16 64 
8 3 -0.592248 0.085898 1 0 -1.4803e-16 128 
8 3 -0.601982 0.099275 1 0 0 256 
8 3 -0.594213 0.0187129 1 -1.26319e-14 -9.25186e-18 512 
8 3 -0.565968 0.110569 1 0 0 1024 
8 3 -0.596495 0.155998 1 1.26319e-14 -5.92119e-16 16 
8 3 -0.625721 0.12979 1 0 0 32 
8 3 -0.698747 0.0633388 1 0 1.4803e-16 64 
8 3 -0.540768 0.0218079 1 0 -9.25186e-18 128 
8 3 -0.609352 0.106032 1 0 0 256 
8 3 -0.539371 0.164584 1 0 5.92119e-16 512 
8 3 -0.638626 0.103235 1 1.26319e-14 0 1024 
8 3 -0.742636 0.313021 1 -2.52637e-14 0 16 
8 3 -0.744212 0.141192 1 0 -5.92119e-16 32 
8 3 -0.587328 0.0856834 1 1.26319e-14 0 64 
8 3 -0.52701 0.0369541 1 0 -3.70074e-17 128 
8 3 -0.602621 0.0834675 1 0 1.4803e-16 256 
8 3 -0.634303 0.0732297 1 0 0 512 
8 3 -0.506888 0.0793522 1 2.52637e-14 0 1024 
8 3 -0.651785 0.207704 1 0 0 16 
8 3 -0.547544 0.0923026 1 0 0 32 
8 3 -0.583746 0.0269471 1 0 0 64 
8 3 -0.532241 0.130404 1 0 -5.92119e-16 128 
8 3 -0.459475 0.0524682 1 1.26319e-14 0 256 
8 3 -0.541314 0.0603557 1 -2.52637e-14 7.40149e-17 512 
8 3 -0.469479 0.0887343 1 0 0 1024 
8 3 -0.778889 0.182819 1 -2.52637e-14 0 16 
8 3 -0.551239 0.026948 1 0 1.85037e-17 32 
8 3 -0.535713 0.113576 1 0 0 64 
8 3 -0.573018 0.0453567 1 0 0 128 
8 3 -0.636326 0.0630944 1 0 0 256 
8 3 -0.549728 0.101654 1 2.52637e-14 0 512 
8 3 -0.440062 0.0764655 1 1.26319e-14 1.4803e-16 1024 
8 3 -0.6036 0.253226 1 0 0 16 
8 3 -0.534947 0.100157 1 0 0 32 
8 3 -0.529574 0.13344 1 -1.26319e-14 0 64 
8 3 -0.556372 0.164579 1 -1.26319e-14 0 128 
8 3 -0.623027 0.123719 1 0 0 256 
8 3 -0.574439 0.105028 1 0 0 512 
8 3 -0.516031 0.096392 1 -1.26319e-14 0 1024 
8 3 -0.60599 0.124517 1 0 0 16 
8 3 -0.579116 0.0750972 1 0 1.4803e-16 32 
8 3 -0.606305 0.0378681 1 0 3.70074e-17 64 
8 3 -0.685176 0.095998 1 0 0 128 
8 3 -0.530309 0.0562177 1 1.26319e-14 0 256 
8 3 -0.544172 0.137178 1 1.26319e-14 0 512 
8 3 -0.556276 0.143051 1 1.26319e-14 0 1024 
8 3 -0.754745 0.259141 1 -2.52637e-14 -2.36848e-15 16 
8 3 -0.587223 0.178301 1 -1.26319e-14 -1.18424e-15 32 
8 3 -0.699076 0.0873583 1 -2.52637e-14 0 64 
8 3 -0.507133 0.132815 1 0 5.92119e-16 128 
8 3 -0.578656 0.0392022 1 1.26319e-14 -3.70074e-17 256 
8 3 -0.545972 0.0975761 1 -2.52637e-14 0 512 
8 3 -0.543639 0.149466 1 0 0 1024 
8 3 -0.558442 0.14764 1 1.26319e-14 -5.92119e-16 16 
8 3 -0.539804 0.0241167 1 1.26319e-14 0 32 
8 3 -0.638629 0.173946 1 0 0 64 
8 3 -0.622012 0.0411718 1 -1.26319e-14 -3.70074e-17 128 
8 3 -0.578533 0.128699 1 0 0 256 
8 3 -0.640028 0.160206 1 -1.26319e-14 0 512 
8 3 -0.651016 0.00906988 1 0 0 1024 
8 3 -0.68426 0.180035 1 0 -1.18424e-15 16 
8 3 -0.52797 0.122048 1 0 0 32 
8 3 -0.640689 0.115018 1 0 0 64 
8 3 -0.749933 0.169414 1 0 0 128 
8 3 -0.490355 0.0739127 1 0 0 256 
8 3 -0.542661 0.0866506 1 0 0 512 
8 3 -0.602519 0.0885189 1 1.26319e-14 0 1024 
8 3 -0.772666 0.266864 1 0 -2.36848e-15 16 
8 3 -0.572448 0.25246 1 1.26319e-14 2.36848e-15 32 
8 3 -0.584115 0.148284 1 -3.78956e-14 -5.92119e-16 64 
8 3 -0.606692 0.0882493 1 -1.26319e-14 -1.4803e-16 128 
8 3 -0.351292 0.111521 1 0 2.96059e-16 256 
8 3 -0.754233 0.098399 1 0 0 512 
8 3 -0.47273 0.0384359 1 0 0 1024 
8 3 -0.647091 0.124431 1 -1.26319e-14 0 16 
8 3 -0.512928 0.0656189 1 1.26319e-14 0 32 
8 3 -0.508548 0.0776718 1 1.26319e-14 -1.4803e-16 64 
8 3 -0.58432 0.126801 1 1.26319e-14 0 128 
8 3 -0.572006 0.159224 1 -1.26319e-14 5.92119e-16 256 
8 3 -0.630577 0.00961963 1 -1.26319e-14 -2.31296e-18 512 
8 3 -0.665568 0.0605207 1 1.26319e-14 -7.40149e-17 1024 
8 3 -0.667257 0.21521 1 0 0 16 
8 3 -0.519602 0.0872815 1 -2.52637e-14 -1.4803e-16 32 
8 3 -0.742067 0.186468 1 2.52637e-14 0 64 
8 3 -0.588235 0.102749 1 0 -2.96059e-16 128 
8 3 -0.69038 0.204477 1 0 -1.18424e-15 256 
8 3 -0.516249 0.215546 1 1.26319e-14 0 512 
8 3 -0.534 0.0544182 1 -1.26319e-14 0 1024 
8 3 -0.660599 0.209765 1 0 0 16 
8 3 -0.492271 0.16556 1 -2.52637e-14 0 32 
8 3 -0.585656 0.153817 1 1.26319e-14 -5.92119e-16 64 
8 3 -0.62091 0.197105 1 -2.52637e-14 0 128 
8 3 -0.557174 0.0386075 1 0 0 256 
8 3 -0.547567 0.0920513 1 0 0 512 
8 3 -0.607775 0.0494089 1 -2.52637e-14 0 1024 
8 3 -0.567926 0.0822341 1 2.52637e-14 -1.4803e-16 16 
8 3 -0.570447 0.0700268 1 -1.26319e-14 0 32 
8 3 -0.572007 0.116726 1 1.26319e-14 2.96059e-16 64 
8 3 -0.517274 0.0910842 1 -1.26319e-14 0 128 
8 3 -0.487111 0.025399 1 0 -1.85037e-17 256 
8 3 -0.594235 0.0859663 1 1.26319e-14 1.4803e-16 512 
8 3 -0.553492 0.00180101 1 0 -7.22801e-20 1024 
8 3 -0.554129 0.21971 1 0 -1.18424e-15 16 
8 3 -0.541708 0.149567 1 1.26319e-14 0 32 
8 3 -0.534805 0.133931 1 -1.26319e-14 -5.92119e-16 64 
8 3 -0.556395 0.133012 1 0 0 128 
8 3 -0.559529 0.070913 1 -1.26319e-14 1.4803e-16 256 
8 3 -0.525587 0.0728095 1 -2.52637e-14 -1.4803e-16 512 
8 3 -0.604131 0.116842 1 1.26319e-14 0 1024 
8 3 -0.58671 0.174933 1 2.52637e-14 -5.92119e-16 16 
8 3 -0.600969 0.0146643 1 0 -4.62593e-18 32 
8 3 -0.527579 0.131903 1 0 0 64 
8 3 -0.53847 0.112963 1 1.26319e-14 0 128 
8 3 -0.603799 0.0810602 1 -2.52637e-14 0 256 
8 3 -0.693566 0.116123 1 0 0 512 
8 3 -0.488795 0.0751008 1 -1.26319e-14 0 1024 
8 3 -0.605114 0.118085 1 1.26319e-14 0 16 
8 3 -0.5069 0.107594 1 1.26319e-14 2.96059e-16 32 
8 3 -0.551623 0.0964867 1 0 0 64 
8 3 -0.473649 0.0989662 1 0 0 128 
8 3 -0.559906 0.075393 1 -1.26319e-14 1.4803e-16 256 
8 3 -0.477446 0.0629786 1 -1.26319e-14 -1.4803e-16 512 
8 3 -0.619986 0.125325 1 0 -5.92119e-16 1024 
8 3 -0.654467 0.180584 1 -1.26319e-14 0 16 
8 3 -0.501611 0.0515731 1 0 7.40149e-17 32 
8 3 -0.477317 0.0828893 1 0 0 64 
8 3 -0.578674 0.0699072 1 0 1.4803e-16 128 
8 3 -0.535032 0.0820439 1 1.26319e-14 1.4803e-16 256 
8 3 -0.551024 0.0447254 1 0 7.40149e-17 512 
8 3 -0.672336 0.16921 1 2.52637e-14 0 1024 
8 3 -0.496399 0.124057 1 1.26319e-14 0 16 
8 3 -0.535562 0.0319924 1 -1.26319e-14 -3.70074e-17 32 
8 3 -0.51039 0.130969 1 -1.26319e-14 5.92119e-16 64 
8 3 -0.513089 0.0638877 1 0 0 128 
8 3 -0.597539 0.0902096 1 1.26319e-14 0 256 
8 3 -0.574515 0.0233984 1 0 1.85037e-17 512 
8 3 -0.600358 0.0605881 1 0 0 1024 
8 3 -0.709199 0.163809 1 2.52637e-14 -5.92119e-16 16 
8 3 -0.499876 0.0785818 1 -1.26319e-14 -1.4803e-16 32 
8 3 -0.638699 0.118881 1 1.26319e-14 0 64 
8 3 -0.557852 0.0903063 1 0 0 128 
8 3 -0.528058 0.0940318 1 -1.26319e-14 0 256 
8 3 -0.57344 0.0415913 1 -1.26319e-14 3.70074e-17 512 
8 3 -0.720937 0.143406 1 2.52637e-14 5.92119e-16 1024 
8 3 -0.552398 0.0810406 1 1.26319e-14 0 16 
8 3 -0.577685 0.0474363 1 -1.26319e-14 -7.40149e-17 32 
8 3 -0.525743 0.0290089 1 0 -1.85037e-17 64 
8 3 -0.49844 0.109089 1 0 0 128 
8 3 -0.627355 0.0674571 1 -1.26319e-14 1.4803e-16 256 
8 3 -0.619984 0.122866 1 0 -2.96059e-16 512 
8 3 -0.698599 0.0881825 1 -2.52637e-14 -1.4803e-16 1024 
8 3 -0.71754 0.319743 1 0 2.36848e-15 16 
8 3 -0.564001 0.14416 1 -1.26319e-14 0 32 
8 3 -0.671985 0.121562 1 0 0 64 
8 3 -0.538513 0.0827068 1 -2.52637e-14 0 128 
8 3 -0.537991 0.105207 1 0 0 256 
8 3 -0.539759 0.0782833 1 0 0 512 
8 3 -0.503998 0.0892765 1 0 0 1024 
8 3 -0.701466 0.22138 1 -2.52637e-14 -1.18424e-15 16 
8 3 -0.576913 0.123408 1 -1.26319e-14 0 32 
8 3 -0.503559 0.0569174 1 1.26319e-14 -7.40149e-17 64 
8 3 -0.68274 0.0511243 1 0 0 128 
8 3 -0.608991 0.151023 1 0 -5.92119e-16 256 
8 3 -0.580354 0.147732 1 0 -5.92119e-16 512 
8 3 -0.581228 0.138346 1 0 -5.92119e-16 1024 
8 3 -0.604088 0.173887 1 1.26319e-14 0 16 
8 3 -0.55426 0.15608 1 0 5.92119e-16 32 
8 3 -0.57558 0.140849 1 -1.26319e-14 0 64 
8 3 -0.58139 0.03989 1 0 0 128 
8 3 -0.48689 0.0514249 1 0 0 256 
8 3 -0.646832 0.124237 1 2.52637e-14 2.96059e-16 512 
8 3 -0.544915 0.0600864 1 1.26319e-14 -7.40149e-17 1024 
8 3 -0.528016 0.152285 1 2.52637e-14 0 16 
8 3 -0.620304 0.105076 1 0 0 32 
8 3 -0.583692 0.129475 1 1.26319e-14 0 64 
8 3 -0.630403 0.0437482 1 -1.26319e-14 3.70074e-17 128 
8 3 -0.655861 0.0196941 1 0 0 256 
8 3 -0.510678 0.0535096 1 1.26319e-14 7.40149e-17 512 
8 3 -0.460038 0.127699 1 -1.26319e-14 0 1024 
8 3 -0.568092 0.158166 1 -1.26319e-14 5.92119e-16 16 
8 3 -0.640436 0.126407 1 2.52637e-14 0 32 
8 3 -0.507311 0.0751323 1 1.26319e-14 0 64 
8 3 -0.740077 0.0809818 1 0 -1.4803e-16 128 
8 3 -0.542744 0.133083 1 -1.26319e-14 0 256 
8 3 -0.556734 0.105656 1 0 0 512 
8 3 -0.49573 0.0211954 1 -1.26319e-14 9.25186e-18 1024 
8 3 -0.643742 0.239445 1 -2.52637e-14 0 16 
8 3 -0.576785 0.101269 1 1.26319e-14 -2.96059e-16 32 
8 3 -0.613464 0.108716 1 0 -2.96059e-16 64 
8 3 -0.565335 0.129974 1 1.26319e-14 0 128 
8 3 -0.624993 0.125135 1 0 0 256 
8 3 -0.586937 0.0594821 1 0 0 512 
8 3 -0.524697 0.146339 1 0 0 1024 
8 3 -0.605582 0.246646 1 1.26319e-14 -1.18424e-15 16 
8 3 -0.486575 0.0374833 1 -1.26319e-14 -3.70074e-17 32 
8 3 -0.587192 0.137139 1 0 -5.92119e-16 64 
8 3 -0.507692 0.136163 1 0 5.92119e-16 128 
8 3 -0.544302 0.113125 1 -2.52637e-14 -2.96059e-16 256 
8 3 -0.626603 0.040958 1 0 0 512 
8 3 -0.609795 0.188414 1 0 0 1024 
8 3 -0.48778 0.185381 1 0 0 16 
8 3 -0.601519 0.0496852 1 -1.26319e-14 0 32 
8 3 -0.637541 0.0618124 1 -1.26319e-14 -7.40149e-17 64 
8 3 -0.651051 0.104087 1 2.52637e-14 0 128 
8 3 -0.615725 0.0964133 1 1.26319e-14 0 256 
8 3 -0.636812 0.0291037 1 1.26319e-14 0 512 
8 3 -0.539228 0.0605828 1 3.78956e-14 -7.40149e-17 1024 
8 3 -0.586857 0.208604 1 -1.26319e-14 0 16 
8 3 -0.612563 0.161971 1 -1.26319e-14 -5.92119e-16 32 
8 3 -0.405163 0.13109 1 0 5.92119e-16 64 
8 3 -0.559738 0.123126 1 1.26319e-14 0 128 
8 3 -0.556429 0.146915 1 0 0 256 
8 3 -0.552465 0.157171 1 -1.26319e-14 0 512 
8 3 -0.667896 0.134851 1 2.52637e-14 0 1024 
8 3 -0.672595 0.205806 1 0 1.18424e-15 16 
8 3 -0.500325 0.157512 1 -1.26319e-14 0 32 
8 3 -0.472726 0.122792 1 0 2.96059e-16 64 
8 3 -0.681534 0.052014 1 2.52637e-14 0 128 
8 3 -0.633332 0.110449 1 -3.78956e-14 0 256 
8 3 -0.481567 0.0199406 1 2.52637e-14 -9.25186e-18 512 
8 3 -0.648643 0.121449 1 1.26319e-14 -2.96059e-16 1024 
8 3 -0.594984 0.190534 1 0 0 16 
8 3 -0.66792 0.175796 1 0 -5.92119e-16 32 
8 3 -0.584695 0.170771 1 -1.26319e-14 5.92119e-16 64 
8 3 -0.58392 0.0607438 1 -1.26319e-14 0 128 
8 3 -0.520653 0.068992 1 0 0 256 
8 3 -0.652574 0.198055 1 2.52637e-14 -1.18424e-15 512 
8 3 -0.662088 0.172031 1 0 0 1024 
8 3 -0.708649 0.249479 1 0 0 16 
8 3 -0.624848 0.146917 1 1.26319e-14 -5.92119e-16 32 
8 3 -0.570979 0.0431417 1 1.26319e-14 3.70074e-17 64 
8 3 -0.322567 0.0989294 1 6.31594e-15 2.96059e-16 128 
8 3 -0.53626 0.061135 1 0 7.40149e-17 256 
8 3 -0.556327 0.080385 1 -1.26319e-14 -1.4803e-16 512 
8 3 -0.58028 0.0634779 1 1.26319e-14 1.4803e-16 1024 
8 3 -0.648209 0.171821 1 0 0 16 
8 3 -0.459378 0.0727819 1 2.52637e-14 -1.4803e-16 32 
8 3 -0.569786 0.0878673 1 -1.26319e-14 -1.4803e-16 64 
8 3 -0.530627 0.0669425 1 0 0 128 
8 3 -0.52745 0.0391341 1 0 -3.70074e-17 256 
8 3 -0.559596 0.0131842 1 -1.26319e-14 -4.62593e-18 512 
8 3 -0.469535 0.0320447 1 2.52637e-14 0 1024 
8 3 -0.588737 0.0630068 1 1.26319e-14 1.4803e-16 16 
8 3 -0.537475 0.136025 1 0 5.92119e-16 32 
8 3 -0.578437 0.0909822 1 -1.26319e-14 0 64 
8 3 -0.617424 0.112648 1 1.26319e-14 2.96059e-16 128 
8 3 -0.614264 0.102067 1 0 0 256 
8 3 -0.556568 0.0747874 1 -1.26319e-14 1.4803e-16 512 
8 3 -0.576017 0.113753 1 -1.26319e-14 2.96059e-16 1024 
8 3 -0.603391 0.134116 1 -1.26319e-14 0 16 
8 3 -0.520688 0.112649 1 -2.52637e-14 -2.96059e-16 32 
8 3 -0.61274 0.125119 1 0 5.92119e-16 64 
8 3 -0.645819 0.0732401 1 0 1.4803e-16 128 
8 3 -0.593808 0.153496 1 0 5.92119e-16 256 
8 3 -0.558595 0.123269 1 -2.52637e-14 2.96059e-16 512 
8 3 -0.488953 0.148115 1 0 0 1024 
8 3 -0.531946 0.147686 1 -1.26319e-14 0 16 
8 3 -0.512826 0.0705477 1 -1.26319e-14 0 32 
8 3 -0.6118 0.055587 1 0 0 64 
8 3 -0.676016 0.135169 1 2.52637e-14 0 128 
8 3 -0.590245 0.0548262 1 2.52637e-14 -7.40149e-17 256 
8 3 -0.591909 0.119125 1 3.78956e-14 0 512 
8 3 -0.437268 0.10608 1 0 0 1024 
8 3 -0.574053 0.139821 1 -1.26319e-14 -5.92119e-16 16 
8 3 -0.654249 0.213144 1 0 0 32 
8 3 -0.582052 0.131623 1 2.52637e-14 5.92119e-16 64 
8 3 -0.58138 0.0594286 1 1.26319e-14 -7.40149e-17 128 
8 3 -0.567236 0.152076 1 1.26319e-14 5.92119e-16 256 
8 3 -0.556657 0.101627 1 0 -2.96059e-16 512 
8 3 -0.548823 0.17147 1 -1.26319e-14 5.92119e-16 1024 
8 3 -0.580163 0.194764 1 0 0 16 
8 3 -0.503095 0.0524306 1 -2.52637e-14 0 32 
8 3 -0.657377 0.0941856 1 -1.26319e-14 -2.96059e-16 64 
8 3 -0.498774 0.0510843 1 -1.26319e-14 0 128 
8 3 -0.575521 0.0251138 1 1.26319e-14 0 256 
8 3 -0.420028 0.0718329 1 1.26319e-14 1.4803e-16 512 
8 3 -0.679668 0.126211 1 -2.52637e-14 -5.92119e-16 1024 
8 3 -0.593098 0.214573 1 -1.26319e-14 0 16 
8 3 -0.622777 0.118414 1 1.26319e-14 -2.96059e-16 32 
8 3 -0.555128 0.0629987 1 1.26319e-14 -1.4803e-16 64 
8 3 -0.613144 0.240393 1 1.26319e-14 0 128 
8 3 -0.566654 0.117785 1 1.26319e-14 2.96059e-16 256 
8 3 -0.55102 0.0853466 1 1.26319e-14 1.4803e-16 512 
8 3 -0.545888 0.18804 1 -1.26319e-14 0 1024 
8 3 -0.543517 0.0576745 1 0 0 16 
8 3 -0.637749 0.105506 1 -1.26319e-14 2.96059e-16 32 
8 3 -0.621792 0.176826 1 2.52637e-14 -1.18424e-15 64 
8 3 -0.573215 0.0316073 1 0 0 128 
8 3 -0.565244 0.0961716 1 0 0 256 
8 3 -0.44188 0.0737886 1 0 -1.4803e-16 512 
8 3 -0.486739 0.12479 1 0 0 1024 
8 3 -0.570313 0.0797143 1 1.26319e-14 -1.4803e-16 16 
8 3 -0.630755 0.102286 1 0 2.96059e-16 32 
8 3 -0.673895 0.142221 1 0 0 64 
8 3 -0.596681 0.160482 1 -1.26319e-14 0 128 
8 3 -0.600995 0.119637 1 0 -2.96059e-16 256 
8 3 -0.594161 0.067016 1 0 1.4803e-16 512 
8 3 -0.464827 0.117605 1 2.52637e-14 0 1024 
8 3 -0.57837 0.159593 1 1.26319e-14 0 16 
8 3 -0.553277 0.14915 1 0 0 32 
8 3 -0.489907 0.0646842 1 0 1.4803e-16 64 
8 3 -0.56467 0.0316356 1 0 3.70074e-17 128 
8 3 -0.55556 0.0538246 1 0 -7.40149e-17 256 
8 3 -0.635927 0.0473692 1 0 0 512 
8 3 -0.561836 0.0423048 1 1.26319e-14 3.70074e-17 1024 
8 3 -0.60279 0.215087 1 0 0 16 
8 3 -0.59714 0.0967498 1 0 0 32 
8 3 -0.394151 0.0419128 1 1.26319e-14 0 64 
8 3 -0.553033 0.149939 1 -1.26319e-14 5.92119e-16 128 
8 3 -0.597333 0.0155147 1 -1.26319e-14 0 256 
8 3 -0.514906 0.0924961 1 -1.26319e-14 0 512 
8 3 -0.568537 0.159608 1 -1.26319e-14 5.92119e-16 1024 
8 3 -0.475679 0.0608404 1 1.26319e-14 0 16 
8 3 -0.557034 0.0279906 1 1.26319e-14 1.85037e-17 32 
8 3 -0.555026 0.181511 1 -1.26319e-14 0 64 
8 3 -0.546102 0.100164 1 1.26319e-14 0 128 
8 3 -0.622084 0.143956 1 0 0 256 
8 3 -0.470843 0.0648492 1 -1.26319e-14 -1.4803e-16 512 
8 3 -0.548248 0.0616732 1 1.26319e-14 7.40149e-17 1024 
8 3 -0.729626 0.28905 1 0 -2.36848e-15 16 
8 3 -0.443876 0.0176243 1 0 0 32 
8 3 -0.599144 0.12413 1 0 0 64 
8 3 -0.597505 0.0655929 1 0 0 128 
8 3 -0.620534 0.115753 1 0 0 256 
8 3 -0.529028 0.147841 1 -2.52637e-14 5.92119e-16 512 
8 3 -0.582376 0.0561192 1 0 0 1024 
8 3 -0.680931 0.146118 1 0 -5.92119e-16 16 
8 3 -0.568657 0.125595 1 0 0 32 
8 3 -0.545322 0.0784874 1 -1.26319e-14 1.4803e-16 64 
8 3 -0.632349 0.0136959 1 0 -4.62593e-18 128 
8 3 -0.545129 0.0727511 1 1.26319e-14 -1.4803e-16 256 
8 3 -0.572686 0.151001 1 0 -5.92119e-16 512 
8 3 -0.688746 0.0519385 1 2.52637e-14 0 1024 
8 3 -0.576841 0.155629 1 2.52637e-14 5.92119e-16 16 
8 3 -0.588509 0.0630535 1 -1.26319e-14 0 32 
8 3 -0.498602 0.151523 1 1.26319e-14 5.92119e-16 64 
8 3 -0.660901 0.038708 1 -1.26319e-14 3.70074e-17 128 
8 3 -0.51613 0.0722721 1 -1.26319e-14 0 256 
8 3 -0.643779 0.0218031 1 1.26319e-14 9.25186e-18 512 
8 3 -0.549097 0.126555 1 0 -5.92119e-16 1024 
8 3 -0.517408 0.204684 1 -1.26319e-14 0 16 
8 3 -0.54652 0.114431 1 1.26319e-14 0 32 
8 3 -0.482457 0.0583264 1 0 0 64 
8 3 -0.399956 0.00563108 1 1.26319e-14 0 128 
8 3 -0.65098 0.122479 1 -2.52637e-14 0 256 
8 3 -0.653903 0.036745 1 -1.26319e-14 3.70074e-17 512 
8 3 -0.507313 0.12793 1 1.26319e-14 -5.92119e-16 1024 
8 3 -0.568678 0.178284 1 0 0 16 
8 3 -0.395713 0.00829426 1 1.26319e-14 -2.31296e-18 32 
8 3 -0.57887 0.0394191 1 -2.52637e-14 0 64 
8 3 -0.532879 0.110172 1 -1.26319e-14 0 128 
8 3 -0.591736 0.124888 1 1.26319e-14 -2.96059e-16 256 
8 3 -0.586236 0.134376 1 -2.52637e-14 -5.92119e-16 512 
8 3 -0.634478 0.076072 1 0 0 1024 
8 3 -0.52269 0.0174223 1 0 9.25186e-18 2048 
8 3 -0.538614 0.168731 1 0 0 4096 
8 3 -0.452673 0.0240607 1 0 0 2048 
8 3 -0.413726 0.0917881 1 1.26319e-14 -2.96059e-16 4096 
8 3 -0.512998 0.138489 1 -1.26319e-14 0 2048 
8 3 -0.542557 0.0448704 1 0 0 4096 
8 3 -0.557928 0.0397776 1 1.26319e-14 0 2048 
8 3 -0.54437 0.21233 1 1.26319e-14 1.18424e-15 4096 
8 3 -0.540973 0.0759694 1 -1.26319e-14 0 2048 
8 3 -0.471038 0.0772654 1 0 1.4803e-16 4096 
8 3 -0.560003 0.0417867 1 2.52637e-14 0 2048 
8 3 -0.55496 0.139954 1 1.26319e-14 0 4096 
8 3 -0.535299 0.1057 1 -2.52637e-14 0 2048 
8 3 -0.481273 0.0809339 1 2.52637e-14 0 4096 
8 3 -0.473344 0.130618 1 1.26319e-14 0 2048 
8 3 -0.543924 0.0696712 1 -1.26319e-14 0 4096 
8 3 -0.532732 0.0422286 1 0 3.70074e-17 2048 
8 3 -0.616391 0.0380672 1 -1.26319e-14 0 4096 
8 3 -0.62892 0.195907 1 2.52637e-14 0 2048 
8 3 -0.429885 0.0758347 1 1.26319e-14 0 4096 
8 3 -0.567951 0.0789906 1 0 0 2048 
8 3 -0.514764 0.0908306 1 0 0 4096 
8 3 -0.683322 0.0803144 1 0 -1.4803e-16 2048 
8 3 -0.49082 0.130202 1 -1.26319e-14 -5.92119e-16 4096 
8 3 -0.54191 0.0227626 1 0 0 2048 
8 3 -0.532157 0.111413 1 1.26319e-14 2.96059e-16 4096 
8 3 -0.546553 0.140375 1 3.78956e-14 0 2048 
8 3 -0.60517 0.0712275 1 0 0 4096 
8 3 -0.615308 0.0259908 1 0 0 2048 
8 3 -0.610306 0.0627845 1 -1.26319e-14 1.4803e-16 4096 
8 3 -0.530224 0.0940597 1 -1.26319e-14 2.96059e-16 2048 
8 3 -0.523854 0.0917486 1 -1.26319e-14 2.96059e-16 4096 
8 3 -0.563824 0.0391957 1 1.26319e-14 -3.70074e-17 2048 
8 3 -0.652706 0.127878 1 1.26319e-14 0 4096 
8 3 -0.509291 0.0238194 1 1.26319e-14 0 2048 
8 3 -0.521226 0.0637865 1 1.26319e-14 0 4096 
8 3 -0.513491 0.046238 1 -1.26319e-14 0 2048 
8 3 -0.396612 0.047867 1 1.26319e-14 0 4096 
8 3 -0.519594 0.0607682 1 0 0 2048 
8 3 -0.644092 0.101812 1 1.26319e-14 0 4096 
8 3 -0.529553 0.0519598 1 -1.26319e-14 0 2048 
8 3 -0.55532 0.125863 1 0 0 4096 
8 3 -0.517006 0.0499891 1 1.26319e-14 -7.40149e-17 2048 
8 3 -0.570148 0.115717 1 0 0 4096 
8 3 -0.606512 0.189025 1 -1.26319e-14 0 2048 
8 3 -0.589734 0.141101 1 -1.26319e-14 0 4096 
8 3 -0.557312 0.0775396 1 1.26319e-14 1.4803e-16 2048 
8 3 -0.577867 0.0673462 1 -1.26319e-14 1.4803e-16 4096 
8 3 -0.653784 0.114097 1 2.52637e-14 0 2048 
8 3 -0.488738 0.168471 1 -1.26319e-14 0 4096 
8 3 -0.551054 0.0490027 1 -1.26319e-14 -7.40149e-17 2048 
8 3 -0.696097 0.0996303 1 0 0 4096 
8 3 -0.498651 0.169473 1 0 0 2048 
8 3 -0.678635 0.211837 1 2.52637e-14 1.18424e-15 4096 
8 3 -0.587444 0.0887516 1 0 0 2048 
8 3 -0.718396 0.114606 1 -2.52637e-14 -2.96059e-16 4096 
8 3 -0.529787 0.160669 1 -1.26319e-14 5.92119e-16 2048 
8 3 -0.654548 0.0506862 1 -1.26319e-14 0 4096 
8 3 -0.632851 0.146392 1 0 0 2048 
8 3 -0.630544 0.123445 1 -1.26319e-14 -2.96059e-16 4096 
8 3 -0.602115 0.080323 1 1.26319e-14 0 2048 
8 3 -0.550155 0.0114997 1 -1.26319e-14 0 4096 
8 3 -0.512925 0.0547428 1 -1.26319e-14 0 2048 
8 3 -0.55481 0.141189 1 1.26319e-14 5.92119e-16 4096 
8 3 -0.635284 0.0330619 1 0 3.70074e-17 2048 
8 3 -0.530312 0.0917366 1 2.52637e-14 -2.96059e-16 4096 
8 3 -0.536382 0.118034 1 1.26319e-14 -2.96059e-16 2048 
8 3 -0.623972 0.0970987 1 0 0 4096 
8 3 -0.573698 0.0630869 1 -1.26319e-14 0 2048 
8 3 -0.555993 0.0520967 1 -1.26319e-14 0 4096 
8 3 -0.636363 0.141422 1 1.26319e-14 0 2048 
8 3 -0.583858 0.200238 1 -2.52637e-14 1.18424e-15 4096 
8 3 -0.583607 0.105887 1 0 0 2048 
8 3 -0.590648 0.0412004 1 0 0 4096 
8 3 -0.624976 0.1077 1 0 0 2048 
8 3 -0.569728 0.0169104 1 -1.26319e-14 0 4096 
8 3 -0.570324 0.030076 1 -1.26319e-14 0 2048 
8 3 -0.651967 0.170285 1 2.52637e-14 0 4096 
8 3 -0.52651 0.103411 1 1.26319e-14 -2.96059e-16 2048 
8 3 -0.566148 0.131321 1 -1.26319e-14 -5.92119e-16 4096 
8 3 -0.578658 0.113428 1 1.26319e-14 -2.96059e-16 2048 
8 3 -0.592771 0.049154 1 -1.26319e-14 0 4096 
8 3 -0.517354 0.113715 1 0 0 2048 
8 3 -0.485131 0.111261 1 0 0 4096 
8 3 -0.579564 0.144148 1 2.52637e-14 5.92119e-16 2048 
8 3 -0.570557 0.232725 1 -1.26319e-14 -1.18424e-15 4096 
8 3 -0.585466 0.0948708 1 0 0 2048 
8 3 -0.533921 0.101591 1 1.26319e-14 0 4096 
8 3 -0.673557 0.201148 1 2.52637e-14 0 2048 
8 3 -0.590568 0.163567 1 1.26319e-14 5.92119e-16 4096 
8 3 -0.602624 0.0837335 1 -1.26319e-14 -1.4803e-16 2048 
8 3 -0.567016 0.0303438 1 0 0 4096 
8 3 -0.579561 0.0343488 1 0 -3.70074e-17 2048 
8 3 -0.520069 0.0903225 1 -1.26319e-14 0 4096 
8 3 -0.631243 0.0954902 1 1.26319e-14 -2.96059e-16 2048 
8 3 -0.530839 0.166118 1 -1.26319e-14 5.92119e-16 4096 
8 3 -0.565019 0.0750073 1 -1.26319e-14 0 2048 
8 3 -0.561181 0.152303 1 0 -5.92119e-16 4096 
8 3 -0.55924 0.105613 1 -1.26319e-14 -2.96059e-16 2048 
8 3 -0.60782 0.147605 1 -1.26319e-14 -5.92119e-16 4096 
8 3 -0.549725 0.0944798 1 1.26319e-14 0 2048 
8 3 -0.707644 0.143563 1 0 0 4096 
8 3 -0.591666 0.183657 1 0 0 2048 
8 3 -0.488999 0.0542856 1 0 0 4096 
8 3 -0.590058 0.117684 1 0 -2.96059e-16 2048 
8 3 -0.599245 0.0650642 1 1.26319e-14 1.4803e-16 4096 
8 3 -0.672654 0.199594 1 0 0 2048 
8 3 -0.601783 0.123923 1 0 -2.96059e-16 4096 
8 3 -0.528543 0.0195902 1 1.26319e-14 -9.25186e-18 2048 
8 3 -0.664108 0.153165 1 -1.26319e-14 -5.92119e-16 4096 
8 3 -0.5466 0.0827346 1 0 1.4803e-16 2048 
8 3 -0.530117 0.102682 1 -1.26319e-14 -2.96059e-16 4096 
8 3 -0.549972 0.0853063 1 0 1.4803e-16 2048 
8 3 -0.596921 0.230261 1 -2.52637e-14 0 4096 
8 3 -0.552327 0.192844 1 0 0 2048 
8 3 -0.603829 0.207279 1 0 0 4096 
8 3 -0.58815 0.166344 1 0 0 2048 
8 3 -0.490346 0.0629357 1 0 -1.4803e-16 4096 
8 3 -0.637871 0.0291622 1 2.52637e-14 0 2048 
8 3 -0.594705 0.0818691 1 -1.26319e-14 0 4096 
8 3 -0.529917 0.013537 1 0 4.62593e-18 2048 
8 3 -0.538105 0.213006 1 -1.26319e-14 0 4096 
8 3 -0.600891 0.128553 1 0 -5.92119e-16 2048 
8 3 -0.729198 0.0493033 1 0 0 4096 
8 3 -0.490589 0.0277759 1 0 -1.85037e-17 2048 
8 3 -0.480916 0.104247 1 1.26319e-14 0 4096 
8 3 -0.603547 0.15801 1 -1.26319e-14 0 2048 
8 3 -0.334042 0.0369284 1 0 3.70074e-17 4096 
8 3 -0.556792 0.0928047 1 0 -2.96059e-16 2048 
8 3 -0.53199 0.0996726 1 -1.26319e-14 0 4096 
8 3 -0.505355 0.103392 1 -1.26319e-14 2.96059e-16 2048 
8 3 -0.539383 0.10201 1 2.52637e-14 2.96059e-16 4096 
8 3 -0.591461 0.0487441 1 0 7.40149e-17 2048 
8 3 -0.62435 0.200886 1 0 0 4096 
8 3 -0.786817 0.127061 1 0 0 2048 
8 3 -0.589362 0.141467 1 0 -5.92119e-16 4096 
8 3 -0.646511 0.21738 1 0 0 2048 
8 3 -0.578184 0.1329 1 0 5.92119e-16 4096 
8 3 -0.634992 0.0233635 1 0 1.85037e-17 2048 
8 3 -0.734101 0.183995 1 0 0 4096 
8 3 -0.557715 0.0255159 1 2.52637e-14 0 2048 
8 3 -0.492892 0.0690508 1 -1.26319e-14 1.4803e-16 4096 
8 3 -0.51345 0.103075 1 -1.26319e-14 0 2048 
8 3 -0.553366 0.0490258 1 0 0 4096 
8 3 -0.538324 0.0329442 1 -1.26319e-14 0 2048 
8 3 -0.587845 0.156598 1 -1.26319e-14 0 4096 
8 3 -0.563058 0.0434238 1 0 0 2048 
8 3 -0.602232 0.0809082 1 1.26319e-14 1.4803e-16 4096 
8 3 -0.449468 0.0709057 1 0 1.4803e-16 2048 
8 3 -0.563352 0.144213 1 0 -5.92119e-16 4096 
8 3 -0.496082 0.00530813 1 0 -5.78241e-19 2048 
8 3 -0.587279 0.0484059 1 1.26319e-14 0 4096 
8 3 -0.521925 0.0431199 1 0 0 2048 
8 3 -0.616497 0.0673443 1 1.26319e-14 -1.4803e-16 4096 
8 3 -0.525078 0.104852 1 2.52637e-14 2.96059e-16 2048 
8 3 -0.598468 0.116128 1 0 2.96059e-16 4096 
8 3 -0.552943 0.0360281 1 2.52637e-14 0 2048 
8 3 -0.508395 0.0202029 1 0 0 4096 
8 3 -0.560626 0.114075 1 1.26319e-14 2.96059e-16 2048 
8 3 -0.478745 0.1059 1 1.26319e-14 0 4096 
8 3 -0.538663 0.038407 1 -1.26319e-14 0 2048 
8 3 -0.736616 0.107537 1 2.52637e-14 0 4096 
8 3 -0.516242 0.0764683 1 -1.26319e-14 0 2048 
8 3 -0.579274 0.195234 1 -1.26319e-14 0 4096 
8 3 -0.587594 0.149145 1 0 5.92119e-16 2048 
8 3 -0.537785 0.092553 1 0 0 4096 
8 3 -0.563861 0.10411 1 -1.26319e-14 0 2048 
8 3 -0.605783 0.196432 1 0 0 4096 
8 3 -0.499679 0.0693313 1 -1.26319e-14 -1.4803e-16 2048 
8 3 -0.416395 0.0820553 1 0 1.4803e-16 4096 
8 3 -0.511492 0.0521311 1 0 0 2048 
8 3 -0.700748 0.121821 1 2.52637e-14 0 4096 
8 3 -0.596199 0.0842539 1 -2.52637e-14 -1.4803e-16 2048 
8 3 -0.573741 0.118001 1 -1.26319e-14 0 4096 
8 3 -0.607397 0.115727 1 -2.52637e-14 0 2048 
8 3 -0.595338 0.0508809 1 -2.52637e-14 0 4096 
8 3 -0.539971 0.0241329 1 -1.26319e-14 0 2048 
8 3 -0.469205 0.0415886 1 0 -3.70074e-17 4096 
8 3 -0.540474 0.0692408 1 0 -1.4803e-16 2048 
8 3 -0.606807 0.113207 1 0 2.96059e-16 4096 
8 3 -0.591127 0.0417656 1 0 3.70074e-17 2048 
8 3 -0.551117 0.125704 1 0 0 4096 
8 3 -0.633316 0.10584 1 -1.26319e-14 0 2048 
8 3 -0.585407 0.0842079 1 -1.26319e-14 -1.4803e-16 4096 
8 3 -0.575166 0.087942 1 1.26319e-14 1.4803e-16 2048 
8 3 -0.630078 0.0293543 1 0 1.85037e-17 4096 
8 3 -0.567644 0.0520212 1 0 -7.40149e-17 2048 
8 3 -0.537777 0.0342444 1 -1.26319e-14 3.70074e-17 4096 
8 3 -0.518627 0.00985096 1 -1.26319e-14 2.31296e-18 2048 
8 3 -0.466365 0.0481307 1 0 -7.40149e-17 4096 
8 3 -0.576036 0.138372 1 0 -5.92119e-16 2048 
8 3 -0.507909 0.0932993 1 0 0 4096 
8 3 -0.519909 0.0637901 1 0 0 2048 
8 3 -0.441289 0.054413 1 0 0 4096 
8 3 -0.522268 0.0732736 1 -1.26319e-14 0 2048 
8 3 -0.636918 0.200479 1 1.26319e-14 0 4096 
8 3 -0.548105 0.0679943 1 0 -1.4803e-16 2048 
8 3 -0.539403 0.0652034 1 -1.26319e-14 0 4096 
8 3 -0.67975 0.201983 1 0 0 2048 
8 3 -0.490043 0.0219803 1 0 0 4096 
