8 2.2 -1.38906 0.576372 1 -9.39561e-14 1.2919e-14 16 
8 2.2 -1.14535 0.458068 1 0 6.45948e-15 32 
8 2.2 -1.02515 0.361292 1 0 0 64 
8 2.2 -1.06227 0.439603 1 0 0 128 
8 2.2 -1.30282 0.458341 1 4.6978e-14 6.45948e-15 256 
8 2.2 -1.04276 0.378344 1 4.6978e-14 0 512 
8 2.2 -1.01864 0.315203 1 9.39561e-14 0 1024 
8 2.2 -0.861655 0.105868 1 0 0 2048 
8 2.2 -0.828806 0.0772685 1 0 0 4096 
8 2.2 -1.17557 0.496114 1 0 0 16 
8 2.2 -1.22763 0.494871 1 -4.6978e-14 -6.45948e-15 32 
8 2.2 -1.33246 0.55127 1 4.6978e-14 1.2919e-14 64 
8 2.2 -1.07244 0.427261 1 4.6978e-14 6.45948e-15 128 
8 2.2 -0.930703 0.294179 1 -4.6978e-14 0 256 
8 2.2 -1.13823 0.456106 1 -4.6978e-14 6.45948e-15 512 
8 2.2 -1.20165 0.444263 1 4.6978e-14 -6.45948e-15 1024 
8 2.2 -0.968592 0.169063 1 0 8.07435e-16 2048 
8 2.2 -1.19028 0.486462 1 0 0 4096 
8 2.2 -1.56129 0.638099 1 0 0 16 
8 2.2 -1.20735 0.450465 1 0 -6.45948e-15 32 
8 2.2 -1.07351 0.40303 1 -4.6978e-14 -6.45948e-15 64 
8 2.2 -1.08684 0.439217 1 -4.6978e-14 -6.45948e-15 128 
8 2.2 -0.824413 0.178478 1 4.6978e-14 -1.61487e-15 256 
8 2.2 -1.04362 0.298331 1 0 3.22974e-15 512 
8 2.2 -1.08641 0.365301 1 4.6978e-14 -6.45948e-15 1024 
8 2.2 -1.11149 0.39924 1 0 -6.45948e-15 2048 
8 2.2 -1.02782 0.267396 1 4.6978e-14 3.22974e-15 4096 
8 2.2 -1.38353 0.57679 1 0 0 16 
8 2.2 -1.38963 0.582813 1 0 -1.2919e-14 32 
8 2.2 -1.23799 0.460265 1 4.6978e-14 6.45948e-15 64 
8 2.2 -1.27817 0.492374 1 -4.6978e-14 0 128 
8 2.2 -1.12017 0.436414 1 0 0 256 
8 2.2 -1.13204 0.442278 1 4.6978e-14 0 512 
8 2.2 -1.02708 0.39259 1 0 6.45948e-15 1024 
8 2.2 -1.10125 0.234164 1 -9.39561e-14 1.61487e-15 2048 
8 2.2 -0.944878 0.332087 1 -4.6978e-14 3.22974e-15 4096 
8 2.2 -1.33187 0.574896 1 1.40934e-13 0 16 
8 2.2 -1.12762 0.400349 1 4.6978e-14 6.45948e-15 32 
8 2.2 -0.937038 0.288443 1 0 3.22974e-15 64 
8 2.2 -1.1144 0.440811 1 0 0 128 
8 2.2 -1.24765 0.479074 1 4.6978e-14 0 256 
8 2.2 -1.09239 0.411003 1 -4.6978e-14 0 512 
8 2.2 -1.05841 0.406204 1 -9.39561e-14 6.45948e-15 1024 
8 2.2 -1.09719 0.464179 1 -9.39561e-14 0 2048 
8 2.2 -0.846177 0.134285 1 9.39561e-14 -8.07435e-16 4096 
8 2.2 -1.40371 0.521286 1 0 -1.2919e-14 16 
8 2.2 -1.11409 0.4437 1 -4.6978e-14 6.45948e-15 32 
8 2.2 -1.03169 0.332829 1 4.6978e-14 0 64 
8 2.2 -1.38642 0.585484 1 9.39561e-14 -1.2919e-14 128 
8 2.2 -1.19427 0.429463 1 0 6.45948e-15 256 
8 2.2 -1.00709 0.361547 1 -4.6978e-14 0 512 
8 2.2 -1.11686 0.425117 1 0 0 1024 
8 2.2 -1.05591 0.376632 1 0 0 2048 
8 2.2 -1.33964 0.567335 1 0 1.2919e-14 4096 
8 2.2 -1.39226 0.573827 1 -9.39561e-14 -1.2919e-14 16 
8 2.2 -1.07948 0.430704 1 -4.6978e-14 6.45948e-15 32 
8 2.2 -1.1237 0.428517 1 0 0 64 
8 2.2 -1.20889 0.485847 1 -4.6978e-14 0 128 
8 2.2 -1.30866 0.525143 1 4.6978e-14 0 256 
8 2.2 -0.851529 0.28495 1 0 -3.22974e-15 512 
8 2.2 -1.1208 0.459097 1 0 0 1024 
8 2.2 -0.891524 0.247926 1 0 1.61487e-15 2048 
8 2.2 -0.962373 0.365609 1 4.6978e-14 -6.45948e-15 4096 
8 2.2 -1.33961 0.554181 1 0 0 16 
8 2.2 -1.14119 0.470031 1 4.6978e-14 0 32 
8 2.2 -1.03147 0.445391 1 4.6978e-14 0 64 
8 2.2 -1.02115 0.388319 1 4.6978e-14 0 128 
8 2.2 -0.816322 0.233447 1 -4.6978e-14 -1.61487e-15 256 
8 2.2 -0.995366 0.319696 1 0 -3.22974e-15 512 
8 2.2 -1.07716 0.453299 1 0 6.45948e-15 1024 
8 2.2 -1.05265 0.34902 1 0 0 2048 
8 2.2 -1.06007 0.371706 1 4.6978e-14 0 4096 
8 2.2 -1.19403 0.497662 1 4.6978e-14 -6.45948e-15 16 
8 2.2 -1.08396 0.394317 1 0 0 32 
8 2.2 -1.1198 0.405351 1 4.6978e-14 0 64 
8 2.2 -0.975211 0.288324 1 -4.6978e-14 -3.22974e-15 128 
8 2.2 -1.38356 0.505735 1 0 0 256 
8 2.2 -1.05602 0.427913 1 0 -6.45948e-15 512 
8 2.2 -1.00817 0.375234 1 -4.6978e-14 0 1024 
8 2.2 -1.24278 0.480842 1 0 0 2048 
8 2.2 -1.15579 0.43881 1 -4.6978e-14 -6.45948e-15 4096 
8 2.2 -1.34166 0.527544 1 0 1.2919e-14 16 
8 2.2 -1.29845 0.532427 1 -4.6978e-14 0 32 
8 2.2 -1.18381 0.447341 1 -4.6978e-14 0 64 
8 2.2 -1.04624 0.387767 1 0 0 128 
8 2.2 -1.15207 0.467774 1 0 0 256 
8 2.2 -1.08539 0.358923 1 -4.6978e-14 0 512 
8 2.2 -1.02751 0.413651 1 0 0 1024 
8 2.2 -1.24697 0.521734 1 4.6978e-14 -1.2919e-14 2048 
8 2.2 -1.16659 0.474694 1 0 6.45948e-15 4096 
8 2.2 -1.35379 0.565188 1 0 -1.2919e-14 16 
8 2.2 -1.18394 0.475208 1 4.6978e-14 0 32 
8 2.2 -1.20378 0.494197 1 0 0 64 
8 2.2 -1.1865 0.40321 1 -4.6978e-14 6.45948e-15 128 
8 2.2 -1.05666 0.333817 1 -4.6978e-14 -3.22974e-15 256 
8 2.2 -0.957593 0.345007 1 -4.6978e-14 -3.22974e-15 512 
8 2.2 -1.3065 0.524778 1 4.6978e-14 1.2919e-14 1024 
8 2.2 -1.08343 0.294334 1 4.6978e-14 -3.22974e-15 2048 
8 2.2 -0.984619 0.295965 1 0 -3.22974e-15 4096 
8 2.2 -1.36192 0.561742 1 0 1.2919e-14 16 
8 2.2 -1.23315 0.496511 1 0 -6.45948e-15 32 
8 2.2 -0.97113 0.271528 1 -9.39561e-14 -3.22974e-15 64 
8 2.2 -1.24525 0.440098 1 0 -6.45948e-15 128 
8 2.2 -1.26471 0.51491 1 -4.6978e-14 0 256 
8 2.2 -1.05099 0.275705 1 0 -3.22974e-15 512 
8 2.2 -1.04178 0.362841 1 0 0 1024 
8 2.2 -1.15519 0.455685 1 -4.6978e-14 0 2048 
8 2.2 -1.12762 0.411862 1 1.40934e-13 0 4096 
8 2.2 -1.23254 0.500087 1 -9.39561e-14 0 16 
8 2.2 -1.2226 0.504518 1 0 1.2919e-14 32 
8 2.2 -0.952121 0.386737 1 -9.39561e-14 0 64 
8 2.2 -1.12275 0.472768 1 -4.6978e-14 6.45948e-15 128 
8 2.2 -0.876783 0.233652 1 0 -1.61487e-15 256 
8 2.2 -0.907589 0.323467 1 -4.6978e-14 -3.22974e-15 512 
8 2.2 -1.06917 0.422289 1 4.6978e-14 6.45948e-15 1024 
8 2.2 -1.05135 0.43696 1 0 0 2048 
8 2.2 -0.896756 0.33169 1 0 -3.22974e-15 4096 
8 2.2 -1.13602 0.511139 1 -9.39561e-14 1.2919e-14 16 
8 2.2 -1.10923 0.482766 1 -4.6978e-14 6.45948e-15 32 
8 2.2 -1.1367 0.424525 1 0 0 64 
8 2.2 -1.01527 0.417703 1 -4.6978e-14 6.45948e-15 128 
8 2.2 -1.28641 0.474 1 0 0 256 
8 2.2 -1.12041 0.362963 1 4.6978e-14 0 512 
8 2.2 -1.17345 0.41786 1 0 0 1024 
8 2.2 -1.2592 0.49754 1 0 0 2048 
8 2.2 -0.996167 0.348261 1 0 3.22974e-15 4096 
8 2.2 -1.35534 0.531275 1 0 0 16 
8 2.2 -1.11592 0.456381 1 0 6.45948e-15 32 
8 2.2 -1.04993 0.382196 1 4.6978e-14 0 64 
8 2.2 -1.21957 0.488884 1 9.39561e-14 6.45948e-15 128 
8 2.2 -1.0396 0.319853 1 -4.6978e-14 -3.22974e-15 256 
8 2.2 -1.01574 0.242113 1 -4.6978e-14 0 512 
8 2.2 -0.989762 0.368459 1 0 -6.45948e-15 1024 
8 2.2 -1.12896 0.453257 1 4.6978e-14 -6.45948e-15 2048 
8 2.2 -0.936899 0.315554 1 4.6978e-14 3.22974e-15 4096 
8 2.2 -1.5788 0.66311 1 0 0 16 
8 2.2 -1.17576 0.481305 1 0 0 32 
8 2.2 -1.08855 0.434234 1 0 0 64 
8 2.2 -1.2529 0.490972 1 0 0 128 
8 2.2 -1.03404 0.382925 1 0 0 256 
8 2.2 -1.19766 0.488516 1 -4.6978e-14 0 512 
8 2.2 -1.07654 0.218696 1 0 0 1024 
8 2.2 -0.945843 0.358838 1 0 0 2048 
8 2.2 -1.08905 0.321187 1 0 -3.22974e-15 4096 
8 2.2 -1.30908 0.524301 1 4.6978e-14 1.2919e-14 16 
8 2.2 -1.24225 0.508949 1 -4.6978e-14 1.2919e-14 32 
8 2.2 -1.01223 0.40134 1 -4.6978e-14 -6.45948e-15 64 
8 2.2 -1.13925 0.407527 1 -4.6978e-14 6.45948e-15 128 
8 2.2 -1.07987 0.419244 1 -4.6978e-14 6.45948e-15 256 
8 2.2 -1.19059 0.432072 1 -9.39561e-14 0 512 
8 2.2 -1.23275 0.480179 1 -4.6978e-14 0 1024 
8 2.2 -1.00505 0.392397 1 0 0 2048 
8 2.2 -1.25509 0.471808 1 1.40934e-13 0 4096 
8 2.2 -1.312 0.557475 1 4.6978e-14 -1.2919e-14 16 
8 2.2 -1.02976 0.402716 1 4.6978e-14 0 32 
8 2.2 -1.17232 0.446184 1 9.39561e-14 0 64 
8 2.2 -1.20295 0.512478 1 9.39561e-14 -1.2919e-14 128 
8 2.2 -1.22894 0.478195 1 -4.6978e-14 0 256 
8 2.2 -1.12369 0.301054 1 -4.6978e-14 3.22974e-15 512 
8 2.2 -1.21526 0.46591 1 -4.6978e-14 -6.45948e-15 1024 
8 2.2 -1.19877 0.507218 1 4.6978e-14 0 2048 
8 2.2 -0.973796 0.336948 1 -4.6978e-14 0 4096 
8 2.2 -1.18573 0.521028 1 4.6978e-14 1.2919e-14 16 
8 2.2 -1.13629 0.476836 1 0 0 32 
8 2.2 -1.12038 0.402692 1 -9.39561e-14 0 64 
8 2.2 -1.00569 0.263649 1 -9.39561e-14 0 128 
8 2.2 -1.03903 0.392301 1 4.6978e-14 6.45948e-15 256 
8 2.2 -0.976346 0.305675 1 0 0 512 
8 2.2 -0.980352 0.372366 1 -9.39561e-14 -6.45948e-15 1024 
8 2.2 -0.90909 0.232218 1 9.39561e-14 1.61487e-15 2048 
8 2.2 -1.04501 0.315827 1 0 0 4096 
8 2.2 -1.55731 0.630738 1 -9.39561e-14 0 16 
8 2.2 -1.14297 0.471926 1 -4.6978e-14 6.45948e-15 32 
8 2.2 -1.33242 0.535214 1 0 1.2919e-14 64 
8 2.2 -1.07921 0.431963 1 0 0 128 
8 2.2 -1.16268 0.444017 1 0 -6.45948e-15 256 
8 2.2 -1.17499 0.427991 1 -4.6978e-14 0 512 
8 2.2 -1.21282 0.470462 1 4.6978e-14 -6.45948e-15 1024 
8 2.2 -1.04935 0.471356 1 0 0 2048 
8 2.2 -1.02863 0.33654 1 4.6978e-14 3.22974e-15 4096 
8 2.2 -1.24853 0.548914 1 0 0 16 
8 2.2 -1.0976 0.427121 1 4.6978e-14 0 32 
8 2.2 -1.01038 0.304155 1 0 0 64 
8 2.2 -0.992463 0.419699 1 4.6978e-14 6.45948e-15 128 
8 2.2 -0.918473 0.279842 1 0 -3.22974e-15 256 
8 2.2 -1.11338 0.361596 1 -9.39561e-14 0 512 
8 2.2 -0.993266 0.433215 1 -4.6978e-14 0 1024 
8 2.2 -0.902101 0.270402 1 4.6978e-14 0 2048 
8 2.2 -1.15826 0.493695 1 0 0 4096 
8 2.2 -1.31441 0.555655 1 4.6978e-14 1.2919e-14 16 
8 2.2 -0.996755 0.397388 1 0 6.45948e-15 32 
8 2.2 -1.37724 0.522198 1 0 -1.2919e-14 64 
8 2.2 -0.828152 0.150823 1 0 -8.07435e-16 128 
8 2.2 -1.05639 0.41987 1 0 6.45948e-15 256 
8 2.2 -1.12006 0.429339 1 -4.6978e-14 0 512 
8 2.2 -1.05155 0.417079 1 -4.6978e-14 -6.45948e-15 1024 
8 2.2 -1.00352 0.352287 1 4.6978e-14 -3.22974e-15 2048 
8 2.2 -1.11056 0.411021 1 4.6978e-14 -6.45948e-15 4096 
8 2.2 -1.14248 0.505827 1 -4.6978e-14 0 16 
8 2.2 -1.01691 0.422595 1 4.6978e-14 6.45948e-15 32 
8 2.2 -1.16228 0.452055 1 4.6978e-14 0 64 
8 2.2 -1.11031 0.412719 1 9.39561e-14 0 128 
8 2.2 -1.17231 0.460994 1 0 0 256 
8 2.2 -0.975626 0.333871 1 -4.6978e-14 3.22974e-15 512 
8 2.2 -1.10144 0.435646 1 4.6978e-14 0 1024 
8 2.2 -1.17731 0.403938 1 1.40934e-13 0 2048 
8 2.2 -1.1657 0.39933 1 -4.6978e-14 0 4096 
8 2.2 -1.55168 0.64363 1 9.39561e-14 -1.2919e-14 16 
8 2.2 -1.0944 0.438281 1 0 0 32 
8 2.2 -1.0247 0.342311 1 9.39561e-14 0 64 
8 2.2 -1.01388 0.377114 1 -9.39561e-14 6.45948e-15 128 
8 2.2 -1.04824 0.364906 1 4.6978e-14 -6.45948e-15 256 
8 2.2 -1.1352 0.429169 1 -4.6978e-14 0 512 
8 2.2 -1.04454 0.436185 1 -9.39561e-14 -6.45948e-15 1024 
8 2.2 -0.889909 0.289662 1 4.6978e-14 0 2048 
8 2.2 -1.1091 0.434706 1 4.6978e-14 0 4096 
8 2.2 -1.28584 0.547649 1 -4.6978e-14 1.2919e-14 16 
8 2.2 -1.2723 0.557021 1 0 0 32 
8 2.2 -1.32806 0.473474 1 0 0 64 
8 2.2 -0.785098 0.232452 1 0 0 128 
8 2.2 -0.991593 0.146016 1 0 -8.07435e-16 256 
8 2.2 -1.26488 0.495205 1 4.6978e-14 -6.45948e-15 512 
8 2.2 -0.9789 0.353472 1 -4.6978e-14 -3.22974e-15 1024 
8 2.2 -1.01913 0.381316 1 0 6.45948e-15 2048 
8 2.2 -1.20223 0.502651 1 4.6978e-14 0 4096 
8 2.2 -1.28196 0.559644 1 9.39561e-14 0 16 
8 2.2 -1.07892 0.426479 1 4.6978e-14 0 32 
8 2.2 -1.02777 0.39387 1 4.6978e-14 0 64 
8 2.2 -1.05606 0.435041 1 0 0 128 
8 2.2 -1.14388 0.470422 1 0 0 256 
8 2.2 -1.16639 0.514267 1 4.6978e-14 -1.2919e-14 512 
8 2.2 -0.891416 0.330212 1 0 -3.22974e-15 1024 
8 2.2 -0.840197 0.237869 1 0 0 2048 
8 2.2 -1.28605 0.497714 1 0 0 4096 
8 2.2 -1.32535 0.547717 1 -4.6978e-14 -1.2919e-14 16 
8 2.2 -1.1591 0.423037 1 -4.6978e-14 6.45948e-15 32 
8 2.2 -1.16521 0.343806 1 0 0 64 
8 2.2 -1.04404 0.40233 1 -4.6978e-14 0 128 
8 2.2 -0.93526 0.26803 1 0 -3.22974e-15 256 
8 2.2 -1.0334 0.290841 1 4.6978e-14 -3.22974e-15 512 
8 2.2 -1.06372 0.359391 1 -4.6978e-14 6.45948e-15 1024 
8 2.2 -1.11189 0.366717 1 -4.6978e-14 -6.45948e-15 2048 
8 2.2 -1.18617 0.457602 1 0 -6.45948e-15 4096 
8 2.2 -1.37656 0.581379 1 0 -1.2919e-14 16 
8 2.2 -1.17763 0.459271 1 -4.6978e-14 6.45948e-15 32 
8 2.2 -1.08053 0.433061 1 0 0 64 
8 2.2 -1.12207 0.455227 1 0 0 128 
8 2.2 -0.998152 0.371 1 4.6978e-14 0 256 
8 2.2 -0.942624 0.225085 1 0 0 512 
8 2.2 -1.00055 0.342121 1 -4.6978e-14 0 1024 
8 2.2 -1.06927 0.398067 1 -9.39561e-14 -6.45948e-15 2048 
8 2.2 -1.14801 0.427921 1 0 6.45948e-15 4096 
8 2.2 -1.25648 0.539065 1 -4.6978e-14 0 16 
8 2.2 -1.18022 0.428568 1 -4.6978e-14 -6.45948e-15 32 
8 2.2 -0.889483 0.307297 1 -4.6978e-14 0 64 
8 2.2 -1.12794 0.499124 1 -4.6978e-14 0 128 
8 2.2 -1.06204 0.30691 1 0 0 256 
8 2.2 -1.10975 0.418245 1 4.6978e-14 0 512 
8 2.2 -1.13979 0.443945 1 0 0 1024 
8 2.2 -1.10228 0.377926 1 0 6.45948e-15 2048 
8 2.2 -0.870678 0.368898 1 -4.6978e-14 0 4096 
8 2.2 -1.33541 0.614763 1 0 0 16 
8 2.2 -1.35829 0.550594 1 -9.39561e-14 -1.2919e-14 32 
8 2.2 -1.2136 0.487321 1 -4.6978e-14 -6.45948e-15 64 
8 2.2 -1.21755 0.415322 1 4.6978e-14 0 128 
8 2.2 -0.934008 0.254853 1 -4.6978e-14 -3.22974e-15 256 
8 2.2 -0.832024 0.27746 1 0 3.22974e-15 512 
8 2.2 -0.984431 0.283707 1 0 -3.22974e-15 1024 
8 2.2 -0.973132 0.357536 1 4.6978e-14 -6.45948e-15 2048 
8 2.2 -1.20143 0.494913 1 0 0 4096 
8 2.2 -1.22651 0.53527 1 -4.6978e-14 0 16 
8 2.2 -1.01185 0.448564 1 4.6978e-14 0 32 
8 2.2 -1.0799 0.338001 1 -9.39561e-14 3.22974e-15 64 
8 2.2 -1.10136 0.370616 1 0 0 128 
8 2.2 -0.900621 0.281303 1 4.6978e-14 -3.22974e-15 256 
8 2.2 -1.13425 0.411946 1 0 6.45948e-15 512 
8 2.2 -0.962087 0.313791 1 4.6978e-14 3.22974e-15 1024 
8 2.2 -0.968023 0.383308 1 4.6978e-14 0 2048 
8 2.2 -0.93568 0.152541 1 4.6978e-14 8.07435e-16 4096 
8 2.2 -1.55975 0.628434 1 0 1.2919e-14 16 
8 2.2 -1.18475 0.515478 1 9.39561e-14 1.2919e-14 32 
8 2.2 -1.16639 0.420196 1 0 0 64 
8 2.2 -1.02904 0.275777 1 0 -3.22974e-15 128 
8 2.2 -1.12646 0.437695 1 -4.6978e-14 -6.45948e-15 256 
8 2.2 -1.15185 0.45539 1 0 -6.45948e-15 512 
8 2.2 -1.06002 0.399867 1 -9.39561e-14 0 1024 
8 2.2 -1.05462 0.471499 1 0 -6.45948e-15 2048 
8 2.2 -1.01164 0.310398 1 -4.6978e-14 -3.22974e-15 4096 
8 2.2 -1.22942 0.539036 1 9.39561e-14 -1.2919e-14 16 
8 2.2 -0.907652 0.259 1 -4.6978e-14 -3.22974e-15 32 
8 2.2 -0.907686 0.337842 1 4.6978e-14 0 64 
8 2.2 -1.31017 0.539831 1 -4.6978e-14 1.2919e-14 128 
8 2.2 -1.01425 0.405803 1 -4.6978e-14 0 256 
8 2.2 -1.22759 0.506665 1 0 0 512 
8 2.2 -0.847411 0.29806 1 0 3.22974e-15 1024 
8 2.2 -1.23126 0.501471 1 0 0 2048 
8 2.2 -1.1966 0.459809 1 0 0 4096 
8 2.2 -1.21719 0.50506 1 4.6978e-14 -1.2919e-14 16 
8 2.2 -1.16969 0.528667 1 0 -1.2919e-14 32 
8 2.2 -1.10646 0.437266 1 4.6978e-14 0 64 
8 2.2 -1.20373 0.408531 1 0 6.45948e-15 128 
8 2.2 -1.12592 0.428906 1 0 0 256 
8 2.2 -1.02523 0.398086 1 0 0 512 
8 2.2 -1.0518 0.350995 1 0 3.22974e-15 1024 
8 2.2 -1.00297 0.335112 1 -4.6978e-14 3.22974e-15 2048 
8 2.2 -0.982705 0.370226 1 4.6978e-14 -6.45948e-15 4096 
8 2.2 -1.55831 0.641232 1 9.39561e-14 0 16 
8 2.2 -1.26379 0.559362 1 4.6978e-14 0 32 
8 2.2 -0.887894 0.327093 1 0 3.22974e-15 64 
8 2.2 -0.984728 0.305442 1 0 -3.22974e-15 128 
8 2.2 -1.1392 0.464984 1 -4.6978e-14 -6.45948e-15 256 
8 2.2 -0.947215 0.270542 1 0 -3.22974e-15 512 
8 2.2 -0.935636 0.348628 1 -9.39561e-14 -3.22974e-15 1024 
8 2.2 -1.02693 0.358233 1 -4.6978e-14 0 2048 
8 2.2 -0.963832 0.26263 1 -4.6978e-14 3.22974e-15 4096 
8 2.2 -1.33334 0.534993 1 0 0 16 
8 2.2 -1.11818 0.473681 1 -4.6978e-14 0 32 
8 2.2 -1.05942 0.368696 1 0 0 64 
8 2.2 -1.08048 0.326606 1 9.39561e-14 3.22974e-15 128 
8 2.2 -0.993873 0.413611 1 0 -6.45948e-15 256 
8 2.2 -1.0252 0.369266 1 -4.6978e-14 0 512 
8 2.2 -0.998018 0.318974 1 -4.6978e-14 3.22974e-15 1024 
8 2.2 -0.97457 0.261076 1 4.6978e-14 0 2048 
8 2.2 -0.8559 0.287194 1 0 0 4096 
8 2.2 -1.28945 0.508577 1 4.6978e-14 -1.2919e-14 16 
8 2.2 -1.45542 0.563564 1 0 0 32 
8 2.2 -1.30427 0.528679 1 0 0 64 
8 2.2 -1.17679 0.449379 1 0 -6.45948e-15 128 
8 2.2 -0.778613 0.132158 1 0 0 256 
8 2.2 -0.917841 0.281945 1 -4.6978e-14 0 512 
8 2.2 -0.996246 0.269596 1 4.6978e-14 0 1024 
8 2.2 -0.973099 0.325058 1 -4.6978e-14 0 2048 
8 2.2 -0.866455 0.0864818 1 -9.39561e-14 -2.01859e-16 4096 
8 2.2 -1.18455 0.521999 1 -4.6978e-14 -1.2919e-14 16 
8 2.2 -1.05308 0.477175 1 -4.6978e-14 0 32 
8 2.2 -0.98072 0.364629 1 4.6978e-14 0 64 
8 2.2 -1.14627 0.444639 1 0 -6.45948e-15 128 
8 2.2 -1.21978 0.446566 1 0 -6.45948e-15 256 
8 2.2 -1.11282 0.38241 1 4.6978e-14 -6.45948e-15 512 
8 2.2 -0.820689 0.148717 1 0 -8.07435e-16 1024 
8 2.2 -0.853107 0.277689 1 0 0 2048 
8 2.2 -1.0212 0.433163 1 0 0 4096 
8 2.2 -1.58942 0.641534 1 0 0 16 
8 2.2 -1.34825 0.546882 1 9.39561e-14 0 32 
8 2.2 -1.13464 0.412014 1 4.6978e-14 0 64 
8 2.2 -1.04975 0.325366 1 -9.39561e-14 0 128 
8 2.2 -0.885988 0.351596 1 4.6978e-14 3.22974e-15 256 
8 2.2 -1.16631 0.457487 1 4.6978e-14 0 512 
8 2.2 -0.93418 0.280652 1 0 0 1024 
8 2.2 -1.0447 0.388435 1 0 6.45948e-15 2048 
8 2.2 -1.06161 0.3338 1 0 0 4096 
8 2.2 -1.25341 0.549434 1 -4.6978e-14 0 16 
8 2.2 -1.21428 0.466577 1 4.6978e-14 6.45948e-15 32 
8 2.2 -1.22454 0.442147 1 0 0 64 
8 2.2 -1.10187 0.50927 1 4.6978e-14 0 128 
8 2.2 -1.16796 0.45009 1 4.6978e-14 -6.45948e-15 256 
8 2.2 -1.07828 0.389137 1 4.6978e-14 -6.45948e-15 512 
8 2.2 -0.948247 0.345986 1 0 -3.22974e-15 1024 
8 2.2 -0.863528 0.269551 1 -4.6978e-14 3.22974e-15 2048 
8 2.2 -0.845238 0.247757 1 0 1.61487e-15 4096 
8 2.2 -1.23844 0.534532 1 0 1.2919e-14 16 
8 2.2 -0.988687 0.42842 1 4.6978e-14 -6.45948e-15 32 
8 2.2 -1.1197 0.425114 1 0 -6.45948e-15 64 
8 2.2 -0.887625 0.302031 1 0 0 128 
8 2.2 -1.21105 0.478084 1 4.6978e-14 0 256 
8 2.2 -1.0714 0.383032 1 9.39561e-14 0 512 
8 2.2 -1.29037 0.510655 1 -4.6978e-14 0 1024 
8 2.2 -0.980027 0.312971 1 0 -3.22974e-15 2048 
8 2.2 -0.963763 0.374748 1 -4.6978e-14 -6.45948e-15 4096 
8 2.2 -1.34433 0.554735 1 0 -1.2919e-14 16 
8 2.2 -1.11723 0.437671 1 9.39561e-14 6.45948e-15 32 
8 2.2 -1.20233 0.490985 1 0 6.45948e-15 64 
8 2.2 -1.29887 0.496829 1 4.6978e-14 6.45948e-15 128 
8 2.2 -1.13416 0.421916 1 -9.39561e-14 0 256 
8 2.2 -1.05238 0.307384 1 0 0 512 
8 2.2 -0.808029 0.224364 1 0 0 1024 
8 2.2 -1.0129 0.287688 1 -9.39561e-14 0 2048 
8 2.2 -0.893722 0.224067 1 -4.6978e-14 0 4096 
8 2.2 -1.43221 0.595569 1 -1.87912e-13 -1.2919e-14 16 
8 2.2 -1.27463 0.544874 1 4.6978e-14 0 32 
8 2.2 -1.03697 0.423479 1 0 -6.45948e-15 64 
8 2.2 -1.12599 0.390148 1 4.6978e-14 -6.45948e-15 128 
8 2.2 -0.866944 0.310214 1 4.6978e-14 0 256 
8 2.2 -0.892289 0.186642 1 0 0 512 
8 2.2 -1.41175 0.590974 1 0 1.2919e-14 1024 
8 2.2 -1.14795 0.44242 1 0 0 2048 
8 2.2 -1.04974 0.327582 1 0 0 4096 
8 2.2 -1.29292 0.515057 1 1.40934e-13 1.2919e-14 16 
8 2.2 -1.0929 0.450349 1 -4.6978e-14 0 32 
8 2.2 -1.04532 0.40679 1 0 0 64 
8 2.2 -1.115 0.336759 1 -4.6978e-14 -3.22974e-15 128 
8 2.2 -0.98691 0.191569 1 9.39561e-14 0 256 
8 2.2 -1.19765 0.422495 1 -4.6978e-14 -6.45948e-15 512 
8 2.2 -1.02463 0.336923 1 -9.39561e-14 -3.22974e-15 1024 
8 2.2 -1.23387 0.450103 1 4.6978e-14 6.45948e-15 2048 
8 2.2 -1.22435 0.508074 1 1.40934e-13 1.2919e-14 4096 
8 2.2 -1.27086 0.512991 1 4.6978e-14 0 16 
8 2.2 -1.22735 0.481522 1 0 0 32 
8 2.2 -0.984326 0.365533 1 0 0 64 
8 2.2 -0.859197 0.0750528 1 4.6978e-14 -2.01859e-16 128 
8 2.2 -1.16907 0.490108 1 0 -6.45948e-15 256 
8 2.2 -1.32773 0.581261 1 9.39561e-14 1.2919e-14 512 
8 2.2 -0.996991 0.336723 1 4.6978e-14 0 1024 
8 2.2 -1.04938 0.421112 1 -9.39561e-14 0 2048 
8 2.2 -1.10807 0.458042 1 0 0 4096 
8 2.2 -1.52897 0.660631 1 1.87912e-13 -1.2919e-14 16 
8 2.2 -1.07405 0.447165 1 -4.6978e-14 0 32 
8 2.2 -0.978843 0.36237 1 0 0 64 
8 2.2 -1.08475 0.417345 1 -4.6978e-14 6.45948e-15 128 
8 2.2 -1.24518 0.49226 1 4.6978e-14 0 256 
8 2.2 -0.825151 0.298485 1 0 3.22974e-15 512 
8 2.2 -1.18315 0.528332 1 0 0 1024 
8 2.2 -1.09565 0.405711 1 -4.6978e-14 6.45948e-15 2048 
8 2.2 -0.877443 0.257173 1 0 0 4096 
8 2.2 -1.50998 0.629694 1 9.39561e-14 -1.2919e-14 16 
8 2.2 -1.23 0.537431 1 -4.6978e-14 0 32 
8 2.2 -0.938005 0.354775 1 9.39561e-14 -6.45948e-15 64 
8 2.2 -1.10431 0.398011 1 9.39561e-14 0 128 
8 2.2 -0.986459 0.366609 1 4.6978e-14 6.45948e-15 256 
8 2.2 -1.07602 0.403399 1 4.6978e-14 -6.45948e-15 512 
8 2.2 -0.898771 0.171207 1 0 -8.07435e-16 1024 
8 2.2 -1.03631 0.318996 1 0 0 2048 
8 2.2 -1.07994 0.431663 1 0 0 4096 
8 2.2 -1.43854 0.593651 1 9.39561e-14 1.2919e-14 16 
8 2.2 -1.33637 0.515134 1 0 0 32 
8 2.2 -1.08883 0.411602 1 9.39561e-14 0 64 
8 2.2 -0.911715 0.245773 1 0 0 128 
8 2.2 -1.00253 0.368478 1 0 -6.45948e-15 256 
8 2.2 -0.897671 0.257648 1 -9.39561e-14 3.22974e-15 512 
8 2.2 -1.10386 0.412343 1 0 0 1024 
8 2.2 -0.783675 0.155434 1 -4.6978e-14 -8.07435e-16 2048 
8 2.2 -1.10296 0.320372 1 -9.39561e-14 0 4096 
8 2.2 -1.50214 0.617494 1 0 1.2919e-14 16 
8 2.2 -1.37965 0.541538 1 0 0 32 
8 2.2 -0.998793 0.413536 1 -4.6978e-14 -6.45948e-15 64 
8 2.2 -1.10371 0.45299 1 0 0 128 
8 2.2 -0.925735 0.382151 1 -4.6978e-14 6.45948e-15 256 
8 2.2 -1.27665 0.490839 1 4.6978e-14 -6.45948e-15 512 
8 2.2 -0.979375 0.344947 1 -4.6978e-14 -3.22974e-15 1024 
8 2.2 -1.24451 0.506018 1 4.6978e-14 0 2048 
8 2.2 -1.17075 0.418966 1 -4.6978e-14 0 4096 
8 2.2 -1.31101 0.542032 1 -9.39561e-14 0 16 
8 2.2 -1.06278 0.388773 1 -1.40934e-13 0 32 
8 2.2 -0.918474 0.248415 1 0 0 64 
8 2.2 -0.837052 0.286332 1 0 -3.22974e-15 128 
8 2.2 -1.06117 0.432564 1 0 6.45948e-15 256 
8 2.2 -0.980514 0.371402 1 0 -6.45948e-15 512 
8 2.2 -1.15549 0.43915 1 0 6.45948e-15 1024 
8 2.2 -1.19445 0.469044 1 -4.6978e-14 0 2048 
8 2.2 -1.0526 0.360338 1 9.39561e-14 -6.45948e-15 4096 
8 2.2 -1.43597 0.616164 1 9.39561e-14 1.2919e-14 16 
8 2.2 -1.07807 0.424867 1 -4.6978e-14 0 32 
8 2.2 -1.08445 0.410943 1 0 0 64 
8 2.2 -0.96656 0.353912 1 -9.39561e-14 -6.45948e-15 128 
8 2.2 -1.09002 0.409238 1 4.6978e-14 0 256 
8 2.2 -1.01752 0.356327 1 4.6978e-14 0 512 
8 2.2 -1.00951 0.43814 1 4.6978e-14 0 1024 
8 2.2 -0.892366 0.205918 1 0 0 2048 
8 2.2 -1.09979 0.415733 1 4.6978e-14 -6.45948e-15 4096 
8 2.2 -1.1545 0.49946 1 9.39561e-14 -6.45948e-15 16 
8 2.2 -1.2087 0.496585 1 -4.6978e-14 6.45948e-15 32 
8 2.2 -0.921423 0.321564 1 0 -3.22974e-15 64 
8 2.2 -0.99272 0.176387 1 0 8.07435e-16 128 
8 2.2 -1.21809 0.459796 1 -4.6978e-14 0 256 
8 2.2 -0.989011 0.32746 1 -4.6978e-14 0 512 
8 2.2 -1.00966 0.401445 1 -9.39561e-14 -6.45948e-15 1024 
8 2.2 -1.17672 0.485139 1 0 6.45948e-15 2048 
8 2.2 -1.05438 0.36552 1 -4.6978e-14 0 4096 
8 2.2 -1.33936 0.603443 1 0 1.2919e-14 16 
8 2.2 -1.37303 0.503335 1 0 1.2919e-14 32 
8 2.2 -0.846591 0.264509 1 4.6978e-14 3.22974e-15 64 
8 2.2 -1.41382 0.580893 1 -9.39561e-14 0 128 
8 2.2 -1.22404 0.492537 1 4.6978e-14 0 256 
8 2.2 -1.12793 0.387563 1 -4.6978e-14 0 512 
8 2.2 -0.952614 0.360867 1 -4.6978e-14 0 1024 
8 2.2 -0.785029 0.218234 1 0 1.61487e-15 2048 
8 2.2 -1.08613 0.265705 1 0 0 4096 
8 2.2 -1.48994 0.635224 1 -9.39561e-14 -1.2919e-14 16 
8 2.2 -1.41276 0.563403 1 0 -1.2919e-14 32 
8 2.2 -1.16249 0.494647 1 -4.6978e-14 0 64 
8 2.2 -1.17365 0.446068 1 0 6.45948e-15 128 
8 2.2 -1.37414 0.548655 1 -9.39561e-14 0 256 
8 2.2 -1.20437 0.495453 1 4.6978e-14 6.45948e-15 512 
8 2.2 -1.19102 0.511604 1 0 0 1024 
8 2.2 -0.992327 0.307469 1 0 3.22974e-15 2048 
8 2.2 -1.11397 0.4705 1 4.6978e-14 0 4096 
8 2.2 -1.23228 0.519661 1 0 -1.2919e-14 16 
8 2.2 -1.40664 0.611477 1 0 -1.2919e-14 32 
8 2.2 -0.885698 0.228055 1 -4.6978e-14 0 64 
8 2.2 -1.36394 0.532568 1 -9.39561e-14 -1.2919e-14 128 
8 2.2 -1.12566 0.425939 1 0 0 256 
8 2.2 -0.978404 0.314382 1 -4.6978e-14 -3.22974e-15 512 
8 2.2 -0.98667 0.410476 1 -4.6978e-14 6.45948e-15 1024 
8 2.2 -1.42605 0.577716 1 9.39561e-14 1.2919e-14 2048 
8 2.2 -1.31987 0.483335 1 4.6978e-14 6.45948e-15 4096 
8 2.2 -1.27231 0.530679 1 9.39561e-14 -1.2919e-14 16 
8 2.2 -1.21981 0.491901 1 0 -6.45948e-15 32 
8 2.2 -1.08981 0.431389 1 4.6978e-14 -6.45948e-15 64 
8 2.2 -0.97036 0.373934 1 4.6978e-14 0 128 
8 2.2 -1.19932 0.416543 1 0 -6.45948e-15 256 
8 2.2 -0.968988 0.276393 1 -4.6978e-14 0 512 
8 2.2 -1.18722 0.426202 1 4.6978e-14 0 1024 
8 2.2 -1.16176 0.480063 1 -4.6978e-14 0 2048 
8 2.2 -1.01089 0.301167 1 4.6978e-14 -3.22974e-15 4096 
8 2.2 -1.47239 0.585526 1 9.39561e-14 0 16 
8 2.2 -1.2949 0.567166 1 4.6978e-14 0 32 
8 2.2 -1.11664 0.460002 1 -4.6978e-14 0 64 
8 2.2 -0.96766 0.352798 1 0 3.22974e-15 128 
8 2.2 -1.13966 0.480143 1 -4.6978e-14 0 256 
8 2.2 -0.812205 0.108744 1 0 0 512 
8 2.2 -0.770035 0.131202 1 0 8.07435e-16 1024 
8 2.2 -1.1745 0.479475 1 -9.39561e-14 0 2048 
8 2.2 -1.17371 0.449648 1 -4.6978e-14 0 4096 
8 2.2 -1.20876 0.491383 1 0 0 16 
8 2.2 -1.28086 0.532505 1 0 -1.2919e-14 32 
8 2.2 -0.955184 0.370582 1 0 0 64 
8 2.2 -1.09125 0.351927 1 4.6978e-14 -3.22974e-15 128 
8 2.2 -0.848124 0.351531 1 0 -3.22974e-15 256 
8 2.2 -0.799366 0.0470335 1 0 0 512 
8 2.2 -1.00055 0.383021 1 0 0 1024 
8 2.2 -0.798537 0.151226 1 0 0 2048 
8 2.2 -1.17774 0.421686 1 0 6.45948e-15 4096 
8 2.2 -1.40445 0.575071 1 9.39561e-14 -1.2919e-14 16 
8 2.2 -1.18378 0.468035 1 -4.6978e-14 6.45948e-15 32 
8 2.2 -1.00708 0.33641 1 0 -3.22974e-15 64 
8 2.2 -1.07682 0.328988 1 0 -3.22974e-15 128 
8 2.2 -1.1945 0.392704 1 -9.39561e-14 0 256 
8 2.2 -0.967674 0.298616 1 0 -3.22974e-15 512 
8 2.2 -1.06549 0.384978 1 -4.6978e-14 -6.45948e-15 1024 
8 2.2 -0.906955 0.276514 1 -4.6978e-14 -3.22974e-15 2048 
8 2.2 -1.08987 0.368986 1 0 0 4096 
8 2.2 -1.36498 0.609539 1 0 1.2919e-14 16 
8 2.2 -1.14218 0.424901 1 4.6978e-14 0 32 
8 2.2 -1.15501 0.452188 1 -9.39561e-14 0 64 
8 2.2 -1.28753 0.548553 1 -4.6978e-14 -1.2919e-14 128 
8 2.2 -0.93788 0.391145 1 0 0 256 
8 2.2 -0.966552 0.33873 1 4.6978e-14 0 512 
8 2.2 -1.10706 0.422003 1 9.39561e-14 0 1024 
8 2.2 -1.13664 0.434098 1 -4.6978e-14 6.45948e-15 2048 
8 2.2 -0.863397 0.26365 1 0 3.22974e-15 4096 
8 2.2 -1.53989 0.649304 1 0 0 16 
8 2.2 -1.15674 0.409568 1 0 6.45948e-15 32 
8 2.2 -1.20268 0.493622 1 -4.6978e-14 0 64 
8 2.2 -1.44882 0.601315 1 0 1.2919e-14 128 
8 2.2 -1.07106 0.26788 1 0 0 256 
8 2.2 -1.12084 0.449024 1 4.6978e-14 0 512 
8 2.2 -0.916731 0.347828 1 -4.6978e-14 -3.22974e-15 1024 
8 2.2 -1.09221 0.408758 1 9.39561e-14 6.45948e-15 2048 
8 2.2 -1.35053 0.571933 1 9.39561e-14 0 4096 
8 2.2 -1.28548 0.511162 1 -9.39561e-14 0 16 
8 2.2 -1.29417 0.510774 1 -9.39561e-14 1.2919e-14 32 
8 2.2 -0.945927 0.271058 1 -4.6978e-14 0 64 
8 2.2 -0.870165 0.363826 1 0 -6.45948e-15 128 
8 2.2 -0.885068 0.222578 1 4.6978e-14 -1.61487e-15 256 
8 2.2 -1.19136 0.47841 1 -4.6978e-14 0 512 
8 2.2 -1.03527 0.376967 1 -4.6978e-14 0 1024 
8 2.2 -1.22463 0.498458 1 -4.6978e-14 6.45948e-15 2048 
8 2.2 -1.15268 0.442952 1 -4.6978e-14 0 4096 
8 2.2 -1.48964 0.631621 1 -9.39561e-14 -1.2919e-14 16 
8 2.2 -1.18497 0.462478 1 -1.40934e-13 -6.45948e-15 32 
8 2.2 -0.942609 0.362903 1 4.6978e-14 0 64 
8 2.2 -0.965523 0.167096 1 4.6978e-14 0 128 
8 2.2 -1.18589 0.491348 1 0 0 256 
8 2.2 -1.0638 0.327384 1 9.39561e-14 -3.22974e-15 512 
8 2.2 -1.21433 0.332962 1 -9.39561e-14 3.22974e-15 1024 
8 2.2 -0.934154 0.414366 1 -4.6978e-14 0 2048 
8 2.2 -1.2011 0.472589 1 9.39561e-14 6.45948e-15 4096 
8 2.2 -1.44589 0.58961 1 0 0 16 
8 2.2 -1.14142 0.416997 1 0 0 32 
8 2.2 -0.876007 0.360764 1 4.6978e-14 6.45948e-15 64 
8 2.2 -0.991825 0.348116 1 -4.6978e-14 3.22974e-15 128 
8 2.2 -1.15396 0.461248 1 1.40934e-13 0 256 
8 2.2 -1.23619 0.515524 1 4.6978e-14 0 512 
8 2.2 -1.01159 0.394346 1 -4.6978e-14 0 1024 
8 2.2 -1.0085 0.376468 1 0 0 2048 
8 2.2 -0.874583 0.267173 1 0 0 4096 
8 2.2 -1.36634 0.57815 1 9.39561e-14 1.2919e-14 16 
8 2.2 -0.871112 0.329466 1 4.6978e-14 0 32 
8 2.2 -1.0817 0.397767 1 0 0 64 
8 2.2 -1.19568 0.402803 1 4.6978e-14 0 128 
8 2.2 -1.03706 0.38391 1 -4.6978e-14 6.45948e-15 256 
8 2.2 -0.970863 0.295977 1 -4.6978e-14 0 512 
8 2.2 -1.15055 0.517735 1 -9.39561e-14 0 1024 
8 2.2 -1.06602 0.362269 1 9.39561e-14 0 2048 
8 2.2 -1.17508 0.360727 1 -4.6978e-14 6.45948e-15 4096 
8 2.2 -1.40717 0.576224 1 0 1.2919e-14 16 
8 2.2 -1.13989 0.465302 1 -4.6978e-14 0 32 
8 2.2 -0.964627 0.379553 1 0 6.45948e-15 64 
8 2.2 -1.22831 0.488363 1 -4.6978e-14 0 128 
8 2.2 -1.15108 0.461809 1 4.6978e-14 6.45948e-15 256 
8 2.2 -0.978761 0.307883 1 4.6978e-14 3.22974e-15 512 
8 2.2 -1.05356 0.29394 1 -4.6978e-14 0 1024 
8 2.2 -0.921601 0.0874722 1 0 -2.01859e-16 2048 
8 2.2 -1.09342 0.395242 1 -4.6978e-14 0 4096 
8 2.2 -1.27205 0.519178 1 -4.6978e-14 0 16 
8 2.2 -1.3347 0.54465 1 0 1.2919e-14 32 
8 2.2 -1.15698 0.420757 1 0 0 64 
8 2.2 -0.997545 0.413778 1 4.6978e-14 0 128 
8 2.2 -0.909609 0.287452 1 4.6978e-14 0 256 
8 2.2 -0.722845 0.0673077 1 0 2.01859e-16 512 
8 2.2 -1.17278 0.43431 1 -4.6978e-14 0 1024 
8 2.2 -1.13815 0.432344 1 -9.39561e-14 0 2048 
8 2.2 -0.826654 0.152578 1 0 -8.07435e-16 4096 
8 2.2 -1.45726 0.623619 1 -1.87912e-13 1.2919e-14 16 
8 2.2 -1.09065 0.456737 1 0 0 32 
8 2.2 -1.10892 0.39262 1 0 -6.45948e-15 64 
8 2.2 -1.00834 0.397465 1 0 0 128 
8 2.2 -1.13308 0.499207 1 -4.6978e-14 -6.45948e-15 256 
8 2.2 -1.17472 0.488614 1 4.6978e-14 0 512 
8 2.2 -1.26161 0.446592 1 0 0 1024 
8 2.2 -1.13646 0.368258 1 0 0 2048 
8 2.2 -1.50549 0.589321 1 9.39561e-14 1.2919e-14 4096 
8 2.2 -1.25815 0.539305 1 4.6978e-14 -1.2919e-14 16 
8 2.2 -1.16556 0.329623 1 -4.6978e-14 0 32 
8 2.2 -1.29312 0.575102 1 4.6978e-14 1.2919e-14 64 
8 2.2 -0.940777 0.299607 1 0 0 128 
8 2.2 -0.895595 0.27114 1 -4.6978e-14 0 256 
8 2.2 -1.05492 0.401894 1 4.6978e-14 -6.45948e-15 512 
8 2.2 -1.12717 0.377484 1 0 -6.45948e-15 1024 
8 2.2 -1.17335 0.428453 1 0 6.45948e-15 2048 
8 2.2 -1.06543 0.453497 1 0 -6.45948e-15 4096 
8 2.2 -1.41772 0.574094 1 0 0 16 
8 2.2 -1.07735 0.41242 1 0 0 32 
8 2.2 -1.1111 0.368406 1 0 -6.45948e-15 64 
8 2.2 -0.880299 0.161254 1 0 8.07435e-16 128 
8 2.2 -1.07488 0.35995 1 -4.6978e-14 0 256 
8 2.2 -1.17831 0.463478 1 0 0 512 
8 2.2 -1.0206 0.308263 1 4.6978e-14 0 1024 
8 2.2 -1.20192 0.406022 1 -9.39561e-14 0 2048 
8 2.2 -1.13542 0.452887 1 4.6978e-14 -6.45948e-15 4096 
8 2.2 -1.14868 0.470524 1 0 6.45948e-15 16 
8 2.2 -1.06074 0.384392 1 4.6978e-14 0 32 
8 2.2 -1.12486 0.357724 1 -4.6978e-14 6.45948e-15 64 
8 2.2 -0.999263 0.32627 1 4.6978e-14 0 128 
8 2.2 -1.08424 0.408391 1 0 -6.45948e-15 256 
8 2.2 -0.995464 0.318962 1 -9.39561e-14 0 512 
8 2.2 -1.14173 0.370268 1 -4.6978e-14 0 1024 
8 2.2 -1.05931 0.423301 1 -4.6978e-14 6.45948e-15 2048 
8 2.2 -0.89195 0.243754 1 0 1.61487e-15 4096 
8 2.2 -1.29635 0.540809 1 4.6978e-14 1.2919e-14 16 
8 2.2 -1.14883 0.475928 1 -9.39561e-14 0 32 
8 2.2 -1.00895 0.407743 1 0 -6.45948e-15 64 
8 2.2 -1.1341 0.51564 1 -9.39561e-14 0 128 
8 2.2 -1.08416 0.414028 1 0 6.45948e-15 256 
8 2.2 -1.06534 0.37091 1 0 0 512 
8 2.2 -0.895618 0.162438 1 -4.6978e-14 8.07435e-16 1024 
8 2.2 -0.933428 0.28278 1 -4.6978e-14 3.22974e-15 2048 
8 2.2 -1.34468 0.553931 1 0 0 4096 
8 2.2 -1.31651 0.560204 1 9.39561e-14 1.2919e-14 16 
8 2.2 -1.2849 0.498079 1 0 0 32 
8 2.2 -1.1997 0.477278 1 -4.6978e-14 -6.45948e-15 64 
8 2.2 -0.978419 0.350693 1 -4.6978e-14 -3.22974e-15 128 
8 2.2 -1.14193 0.406991 1 -4.6978e-14 0 256 
8 2.2 -1.05398 0.405895 1 0 6.45948e-15 512 
8 2.2 -0.86571 0.280101 1 4.6978e-14 -3.22974e-15 1024 
8 2.2 -0.81882 0.178062 1 -4.6978e-14 -1.61487e-15 2048 
8 2.2 -0.945791 0.228874 1 4.6978e-14 0 4096 
8 2.2 -1.3937 0.578446 1 0 0 16 
8 2.2 -1.1241 0.454342 1 9.39561e-14 6.45948e-15 32 
8 2.2 -1.04005 0.396033 1 -4.6978e-14 6.45948e-15 64 
8 2.2 -0.857834 0.234929 1 -4.6978e-14 0 128 
8 2.2 -1.10711 0.391425 1 0 0 256 
8 2.2 -1.19485 0.48662 1 4.6978e-14 -6.45948e-15 512 
8 2.2 -1.0413 0.39441 1 0 6.45948e-15 1024 
8 2.2 -1.04572 0.398389 1 4.6978e-14 0 2048 
8 2.2 -1.17742 0.47779 1 -4.6978e-14 -6.45948e-15 4096 
8 2.2 -1.44725 0.61124 1 0 0 16 
8 2.2 -1.24878 0.530371 1 0 0 32 
8 2.2 -1.15407 0.472573 1 -9.39561e-14 0 64 
8 2.2 -0.978985 0.339068 1 0 -3.22974e-15 128 
8 2.2 -1.36417 0.555704 1 -9.39561e-14 1.2919e-14 256 
8 2.2 -1.20546 0.456904 1 -4.6978e-14 0 512 
8 2.2 -0.984829 0.378473 1 -4.6978e-14 0 1024 
8 2.2 -1.06817 0.370658 1 -4.6978e-14 0 2048 
8 2.2 -1.07364 0.453769 1 9.39561e-14 0 4096 
8 2.2 -1.18867 0.519447 1 9.39561e-14 0 16 
8 2.2 -1.22315 0.513741 1 -4.6978e-14 0 32 
8 2.2 -1.4388 0.579438 1 0 1.2919e-14 64 
8 2.2 -1.09491 0.393788 1 0 6.45948e-15 128 
8 2.2 -1.14056 0.452419 1 0 -6.45948e-15 256 
8 2.2 -1.24067 0.442563 1 -4.6978e-14 0 512 
8 2.2 -1.32469 0.553982 1 0 1.2919e-14 1024 
8 2.2 -0.923189 0.190048 1 9.39561e-14 0 2048 
8 2.2 -1.05401 0.390369 1 -4.6978e-14 -6.45948e-15 4096 
8 2.2 -1.17395 0.485676 1 0 0 16 
8 2.2 -1.06036 0.43425 1 0 0 32 
8 2.2 -1.07383 0.333685 1 0 3.22974e-15 64 
8 2.2 -0.806871 0.205615 1 0 -1.61487e-15 128 
8 2.2 -0.983584 0.334912 1 -4.6978e-14 0 256 
8 2.2 -1.07452 0.294837 1 0 -3.22974e-15 512 
8 2.2 -1.30061 0.575068 1 4.6978e-14 0 1024 
8 2.2 -1.10902 0.436636 1 4.6978e-14 6.45948e-15 2048 
8 2.2 -1.09264 0.328783 1 -4.6978e-14 -3.22974e-15 4096 
8 2.2 -1.30551 0.580191 1 4.6978e-14 1.2919e-14 16 
8 2.2 -0.890556 0.272849 1 0 -3.22974e-15 32 
8 2.2 -0.932739 0.323498 1 4.6978e-14 3.22974e-15 64 
8 2.2 -1.0016 0.296326 1 4.6978e-14 -3.22974e-15 128 
8 2.2 -1.26832 0.551 1 0 1.2919e-14 256 
8 2.2 -1.10219 0.307102 1 0 -3.22974e-15 512 
8 2.2 -0.980048 0.359667 1 -9.39561e-14 6.45948e-15 1024 
8 2.2 -1.02575 0.314684 1 0 -3.22974e-15 2048 
8 2.2 -0.917115 0.323019 1 4.6978e-14 -3.22974e-15 4096 
8 2.2 -1.40488 0.562579 1 9.39561e-14 -1.2919e-14 16 
8 2.2 -1.28757 0.546595 1 -9.39561e-14 0 32 
8 2.2 -0.895782 0.228318 1 -4.6978e-14 -1.61487e-15 64 
8 2.2 -1.20046 0.483364 1 0 -6.45948e-15 128 
8 2.2 -1.02571 0.210653 1 0 0 256 
8 2.2 -0.94097 0.267891 1 0 -3.22974e-15 512 
8 2.2 -1.08781 0.374132 1 -4.6978e-14 6.45948e-15 1024 
8 2.2 -1.22866 0.494229 1 -4.6978e-14 0 2048 
8 2.2 -1.12281 0.419071 1 0 0 4096 
8 2.2 -1.36747 0.567739 1 -9.39561e-14 -1.2919e-14 16 
8 2.2 -1.27091 0.531784 1 0 -1.2919e-14 32 
8 2.2 -1.29221 0.57019 1 0 -1.2919e-14 64 
8 2.2 -0.951991 0.33534 1 0 -3.22974e-15 128 
8 2.2 -1.23729 0.495917 1 4.6978e-14 -6.45948e-15 256 
8 2.2 -1.04249 0.366026 1 -4.6978e-14 0 512 
8 2.2 -0.892891 0.271823 1 -9.39561e-14 3.22974e-15 1024 
8 2.2 -0.975296 0.357453 1 0 0 2048 
8 2.2 -0.917258 0.236278 1 9.39561e-14 1.61487e-15 4096 
8 2.2 -1.13762 0.480818 1 0 6.45948e-15 16 
8 2.2 -1.36723 0.559737 1 0 0 32 
8 2.2 -1.03346 0.396857 1 0 0 64 
8 2.2 -1.25582 0.503418 1 0 -1.2919e-14 128 
8 2.2 -1.08506 0.41342 1 -4.6978e-14 0 256 
8 2.2 -1.15385 0.46106 1 -4.6978e-14 0 512 
8 2.2 -1.13539 0.40679 1 -4.6978e-14 0 1024 
8 2.2 -1.07637 0.17556 1 0 8.07435e-16 2048 
8 2.2 -1.00996 0.386334 1 4.6978e-14 0 4096 
8 2.2 -1.09259 0.45546 1 1.87912e-13 0 16 
8 2.2 -1.17067 0.464931 1 9.39561e-14 0 32 
8 2.2 -0.936812 0.324813 1 4.6978e-14 3.22974e-15 64 
8 2.2 -0.976776 0.409103 1 0 -6.45948e-15 128 
8 2.2 -1.27301 0.503608 1 4.6978e-14 0 256 
8 2.2 -1.13267 0.439229 1 4.6978e-14 -6.45948e-15 512 
8 2.2 -1.13558 0.45235 1 4.6978e-14 -6.45948e-15 1024 
8 2.2 -1.09628 0.399173 1 -4.6978e-14 -6.45948e-15 2048 
8 2.2 -0.929075 0.317216 1 -4.6978e-14 3.22974e-15 4096 
8 2.2 -1.32787 0.559109 1 4.6978e-14 -1.2919e-14 16 
8 2.2 -1.08495 0.420775 1 4.6978e-14 0 32 
8 2.2 -1.07623 0.408394 1 4.6978e-14 -6.45948e-15 64 
8 2.2 -0.820008 0.200053 1 -4.6978e-14 0 128 
8 2.2 -1.18732 0.463852 1 0 -6.45948e-15 256 
8 2.2 -0.890543 0.248109 1 9.39561e-14 1.61487e-15 512 
8 2.2 -0.80995 0.196565 1 0 0 1024 
8 2.2 -0.906117 0.285798 1 -4.6978e-14 0 2048 
8 2.2 -0.880966 0.0682958 1 0 2.01859e-16 4096 
8 2.2 -1.35435 0.560206 1 9.39561e-14 -1.2919e-14 16 
8 2.2 -0.975958 0.337391 1 4.6978e-14 -3.22974e-15 32 
8 2.2 -1.04565 0.423255 1 -4.6978e-14 6.45948e-15 64 
8 2.2 -1.29766 0.534864 1 0 1.2919e-14 128 
8 2.2 -0.885816 0.271982 1 4.6978e-14 3.22974e-15 256 
8 2.2 -1.02048 0.371267 1 -9.39561e-14 0 512 
8 2.2 -0.80822 0.315946 1 -4.6978e-14 0 1024 
8 2.2 -1.09139 0.393453 1 0 -6.45948e-15 2048 
8 2.2 -1.02533 0.399558 1 -4.6978e-14 6.45948e-15 4096 
8 2.2 -1.2116 0.534793 1 9.39561e-14 0 16 
8 2.2 -1.26289 0.538016 1 0 0 32 
8 2.2 -1.03953 0.37765 1 4.6978e-14 0 64 
8 2.2 -1.09166 0.484269 1 9.39561e-14 0 128 
8 2.2 -1.01663 0.315975 1 4.6978e-14 0 256 
8 2.2 -0.90604 0.275652 1 0 -3.22974e-15 512 
8 2.2 -1.09874 0.438762 1 0 6.45948e-15 1024 
8 2.2 -1.14391 0.458933 1 -1.40934e-13 -6.45948e-15 2048 
8 2.2 -1.05009 0.303238 1 0 -3.22974e-15 4096 
8 2.2 -1.48057 0.611803 1 0 0 16 
8 2.2 -1.32588 0.53361 1 4.6978e-14 1.2919e-14 32 
8 2.2 -1.02242 0.361163 1 0 0 64 
8 2.2 -1.00955 0.338214 1 0 -3.22974e-15 128 
8 2.2 -0.809552 0.223853 1 0 1.61487e-15 256 
8 2.2 -1.01108 0.370723 1 0 0 512 
8 2.2 -1.19411 0.443072 1 0 0 1024 
8 2.2 -1.09555 0.428306 1 0 0 2048 
8 2.2 -1.10935 0.394503 1 0 0 4096 
8 2.2 -1.41343 0.572265 1 9.39561e-14 -1.2919e-14 16 
8 2.2 -1.21804 0.491119 1 0 0 32 
8 2.2 -1.01931 0.436136 1 4.6978e-14 0 64 
8 2.2 -1.00911 0.265669 1 -4.6978e-14 -3.22974e-15 128 
8 2.2 -1.00632 0.199097 1 0 0 256 
8 2.2 -0.975488 0.380047 1 4.6978e-14 -6.45948e-15 512 
8 2.2 -0.982485 0.308964 1 9.39561e-14 3.22974e-15 1024 
8 2.2 -1.15004 0.363 1 0 -6.45948e-15 2048 
8 2.2 -0.916217 0.261085 1 0 0 4096 
8 2.2 -1.09945 0.43425 1 0 6.45948e-15 16 
8 2.2 -1.40537 0.597254 1 0 -1.2919e-14 32 
8 2.2 -1.06598 0.466552 1 4.6978e-14 0 64 
8 2.2 -0.823587 0.244978 1 4.6978e-14 1.61487e-15 128 
8 2.2 -0.995069 0.357143 1 -4.6978e-14 0 256 
8 2.2 -1.27706 0.530451 1 4.6978e-14 0 512 
8 2.2 -1.05632 0.363324 1 -9.39561e-14 -6.45948e-15 1024 
8 2.2 -1.20814 0.474032 1 -4.6978e-14 0 2048 
8 2.2 -1.27958 0.421223 1 4.6978e-14 -6.45948e-15 4096 
8 2.2 -1.37095 0.577063 1 -1.87912e-13 -1.2919e-14 16 
8 2.2 -1.16832 0.519115 1 0 -1.2919e-14 32 
8 2.2 -1.24823 0.512476 1 9.39561e-14 1.2919e-14 64 
8 2.2 -0.932225 0.24944 1 0 -1.61487e-15 128 
8 2.2 -1.04694 0.360919 1 0 -6.45948e-15 256 
8 2.2 -1.09094 0.382962 1 0 -6.45948e-15 512 
8 2.2 -0.985861 0.343424 1 0 0 1024 
8 2.2 -1.09312 0.356934 1 -4.6978e-14 0 2048 
8 2.2 -1.0882 0.437017 1 0 6.45948e-15 4096 
8 2.2 -1.23994 0.508776 1 0 1.2919e-14 16 
8 2.2 -1.05008 0.427352 1 -4.6978e-14 0 32 
8 2.2 -1.17124 0.499302 1 -4.6978e-14 -6.45948e-15 64 
8 2.2 -1.14598 0.470477 1 0 6.45948e-15 128 
8 2.2 -1.17527 0.427298 1 -4.6978e-14 6.45948e-15 256 
8 2.2 -0.956377 0.320284 1 -4.6978e-14 -3.22974e-15 512 
8 2.2 -1.03782 0.451249 1 0 0 1024 
8 2.2 -1.08925 0.399481 1 4.6978e-14 0 2048 
8 2.2 -1.0362 0.409584 1 9.39561e-14 0 4096 
8 2.2 -1.33119 0.573088 1 4.6978e-14 1.2919e-14 16 
8 2.2 -1.34228 0.516375 1 9.39561e-14 0 32 
8 2.2 -1.06603 0.348099 1 4.6978e-14 3.22974e-15 64 
8 2.2 -1.07981 0.393892 1 9.39561e-14 0 128 
8 2.2 -1.302 0.512289 1 0 1.2919e-14 256 
8 2.2 -0.88328 0.180504 1 0 0 512 
8 2.2 -1.16977 0.44401 1 -4.6978e-14 0 1024 
8 2.2 -1.02195 0.34358 1 4.6978e-14 -3.22974e-15 2048 
8 2.2 -1.0255 0.354679 1 4.6978e-14 0 4096 
8 2.2 -1.49192 0.616773 1 0 1.2919e-14 16 
8 2.2 -1.51623 0.631824 1 -9.39561e-14 1.2919e-14 32 
8 2.2 -1.0002 0.352829 1 -4.6978e-14 0 64 
8 2.2 -0.962523 0.137785 1 4.6978e-14 0 128 
8 2.2 -1.27205 0.486473 1 4.6978e-14 0 256 
8 2.2 -0.915264 0.369275 1 -4.6978e-14 0 512 
8 2.2 -1.29666 0.506874 1 0 1.2919e-14 1024 
8 2.2 -1.13493 0.404127 1 4.6978e-14 0 2048 
8 2.2 -1.19315 0.428848 1 4.6978e-14 0 4096 
8 2.2 -1.29318 0.57638 1 4.6978e-14 1.2919e-14 16 
8 2.2 -1.23592 0.504276 1 0 -1.2919e-14 32 
8 2.2 -1.15762 0.376882 1 0 0 64 
8 2.2 -1.19226 0.510317 1 9.39561e-14 0 128 
8 2.2 -1.06327 0.420898 1 -4.6978e-14 6.45948e-15 256 
8 2.2 -0.835061 0.0788712 1 0 0 512 
8 2.2 -1.03795 0.412195 1 0 6.45948e-15 1024 
8 2.2 -0.944685 0.315954 1 -9.39561e-14 -3.22974e-15 2048 
8 2.2 -1.2989 0.587704 1 -4.6978e-14 1.2919e-14 4096 
8 2.2 -1.39534 0.573761 1 9.39561e-14 0 16 
8 2.2 -1.19345 0.461657 1 -9.39561e-14 6.45948e-15 32 
8 2.2 -1.21075 0.476784 1 -4.6978e-14 -6.45948e-15 64 
8 2.2 -1.0616 0.434266 1 0 0 128 
8 2.2 -1.10582 0.42215 1 0 -6.45948e-15 256 
8 2.2 -1.06091 0.409388 1 4.6978e-14 0 512 
8 2.2 -0.980476 0.305307 1 0 0 1024 
8 2.2 -1.02092 0.393784 1 -1.40934e-13 6.45948e-15 2048 
8 2.2 -1.19011 0.3873 1 -4.6978e-14 -6.45948e-15 4096 
8 2.2 -1.3654 0.579944 1 -9.39561e-14 -1.2919e-14 16 
8 2.2 -1.20093 0.486592 1 -4.6978e-14 0 32 
8 2.2 -0.893884 0.2856 1 0 0 64 
8 2.2 -0.876462 0.23263 1 0 1.61487e-15 128 
8 2.2 -0.848024 0.320222 1 -4.6978e-14 0 256 
8 2.2 -1.16306 0.438261 1 0 0 512 
8 2.2 -0.878925 0.219677 1 0 0 1024 
8 2.2 -1.07424 0.402455 1 -4.6978e-14 0 2048 
8 2.2 -0.931387 0.366381 1 0 0 4096 
8 2.2 -1.2294 0.505434 1 -4.6978e-14 0 16 
8 2.2 -1.10617 0.430163 1 9.39561e-14 0 32 
8 2.2 -1.08379 0.42229 1 -4.6978e-14 6.45948e-15 64 
8 2.2 -1.06977 0.397031 1 -4.6978e-14 0 128 
8 2.2 -0.90924 0.420635 1 -4.6978e-14 6.45948e-15 256 
8 2.2 -1.14451 0.463588 1 9.39561e-14 0 512 
8 2.2 -1.04456 0.362898 1 9.39561e-14 6.45948e-15 1024 
8 2.2 -0.96035 0.348448 1 0 -3.22974e-15 2048 
8 2.2 -1.01901 0.299855 1 -4.6978e-14 0 4096 
8 2.2 -1.49129 0.638174 1 0 1.2919e-14 16 
8 2.2 -1.1453 0.43272 1 0 6.45948e-15 32 
8 2.2 -1.14307 0.430833 1 4.6978e-14 0 64 
8 2.2 -1.19539 0.41108 1 0 -6.45948e-15 128 
8 2.2 -0.917825 0.275413 1 0 -3.22974e-15 256 
8 2.2 -1.20908 0.484243 1 -4.6978e-14 0 512 
8 2.2 -1.10063 0.478571 1 4.6978e-14 0 1024 
8 2.2 -1.11471 0.422938 1 -4.6978e-14 -6.45948e-15 2048 
8 2.2 -1.19709 0.417176 1 0 0 4096 
8 2.2 -1.42903 0.612213 1 0 0 16 
8 2.2 -1.00218 0.365919 1 4.6978e-14 6.45948e-15 32 
8 2.2 -1.21176 0.422498 1 0 0 64 
8 2.2 -1.21041 0.484853 1 0 0 128 
8 2.2 -0.866845 0.325306 1 0 0 256 
8 2.2 -1.01396 0.377227 1 -4.6978e-14 0 512 
8 2.2 -1.0461 0.363252 1 4.6978e-14 0 1024 
8 2.2 -0.954056 0.29668 1 4.6978e-14 0 2048 
8 2.2 -1.03195 0.389304 1 0 6.45948e-15 4096 
8 2.2 -1.3637 0.552249 1 -9.39561e-14 1.2919e-14 16 
8 2.2 -1.13123 0.445107 1 9.39561e-14 0 32 
8 2.2 -1.14405 0.416173 1 0 6.45948e-15 64 
8 2.2 -0.9725 0.330219 1 0 3.22974e-15 128 
8 2.2 -1.08647 0.373912 1 9.39561e-14 0 256 
8 2.2 -1.08185 0.360705 1 -4.6978e-14 6.45948e-15 512 
8 2.2 -1.22471 0.440832 1 0 0 1024 
8 2.2 -1.14573 0.46415 1 0 -6.45948e-15 2048 
8 2.2 -1.13387 0.336932 1 4.6978e-14 -3.22974e-15 4096 
8 2.2 -1.48073 0.603369 1 0 -1.2919e-14 16 
8 2.2 -1.23882 0.495044 1 9.39561e-14 0 32 
8 2.2 -1.15035 0.427714 1 4.6978e-14 0 64 
8 2.2 -1.24303 0.504939 1 0 1.2919e-14 128 
8 2.2 -1.11996 0.415386 1 0 -6.45948e-15 256 
8 2.2 -1.20095 0.441813 1 0 0 512 
8 2.2 -1.05724 0.279439 1 -4.6978e-14 3.22974e-15 1024 
8 2.2 -0.923804 0.250666 1 0 0 2048 
8 2.2 -1.03362 0.413475 1 0 6.45948e-15 4096 
8 2.2 -1.20247 0.502358 1 0 1.2919e-14 8192 
8 2.2 -1.1007 0.4223 1 0 0 16384 
8 2.2 -1.01916 0.324894 1 -4.6978e-14 3.22974e-15 8192 
8 2.2 -1.23771 0.518801 1 0 0 16384 
8 2.2 -1.09664 0.441616 1 4.6978e-14 6.45948e-15 8192 
8 2.2 -1.06392 0.451175 1 -4.6978e-14 0 16384 
8 2.2 -1.17327 0.439305 1 4.6978e-14 6.45948e-15 8192 
8 2.2 -0.967853 0.33352 1 -4.6978e-14 3.22974e-15 16384 
8 2.2 -1.18989 0.445741 1 -4.6978e-14 6.45948e-15 8192 
8 2.2 -0.762649 0.178894 1 0 1.61487e-15 16384 
8 2.2 -1.08321 0.417316 1 0 -6.45948e-15 8192 
8 2.2 -1.16482 0.413117 1 -4.6978e-14 6.45948e-15 16384 
8 2.2 -1.13338 0.465345 1 0 6.45948e-15 8192 
8 2.2 -1.07184 0.260572 1 4.6978e-14 0 16384 
8 2.2 -0.841767 0.0720728 1 4.6978e-14 0 8192 
8 2.2 -1.05849 0.375854 1 9.39561e-14 6.45948e-15 16384 
8 2.2 -1.36635 0.539881 1 0 -1.2919e-14 8192 
8 2.2 -1.29534 0.502946 1 0 0 16384 
8 2.2 -1.0974 0.366908 1 -9.39561e-14 0 8192 
8 2.2 -0.994928 0.266985 1 -4.6978e-14 -3.22974e-15 16384 
8 2.2 -1.00923 0.231967 1 0 0 8192 
