4 2.2 -1.61691 0.69863 1 1.17445e-14 1.61487e-15 16 
4 2.2 -1.16749 0.517088 1 0 0 32 
4 2.2 -1.58672 0.69418 1 -1.17445e-14 1.61487e-15 64 
4 2.2 -1.53667 0.655122 1 1.17445e-14 1.61487e-15 128 
4 2.2 -0.785874 0.285585 1 5.87225e-15 0 256 
4 2.2 -0.963232 0.529705 1 -1.17445e-14 0 16 
4 2.2 -1.26952 0.581978 1 -5.87225e-15 0 32 
4 2.2 -1.29521 0.646449 1 0 0 64 
4 2.2 -1.17659 0.496696 1 1.17445e-14 0 128 
4 2.2 -1.50579 0.576291 1 0 0 256 
4 2.2 -1.15339 0.579258 1 0 0 16 
4 2.2 -0.831257 0.376984 1 -5.87225e-15 -8.07435e-16 32 
4 2.2 -0.825072 0.492071 1 0 8.07435e-16 64 
4 2.2 -0.934045 0.483192 1 0 8.07435e-16 128 
4 2.2 -0.524844 0.194612 1 2.93613e-15 0 256 
4 2.2 -1.35253 0.601721 1 1.17445e-14 -1.61487e-15 16 
4 2.2 -1.21052 0.570454 1 -5.87225e-15 -1.61487e-15 32 
4 2.2 -1.34921 0.49325 1 0 8.07435e-16 64 
4 2.2 -1.77019 0.730273 1 -1.17445e-14 3.22974e-15 128 
4 2.2 -1.79514 0.737378 1 -1.17445e-14 3.22974e-15 256 
4 2.2 -1.16902 0.598883 1 0 0 16 
4 2.2 -1.29593 0.608806 1 5.87225e-15 -1.61487e-15 32 
4 2.2 -1.22911 0.643371 1 0 0 64 
4 2.2 -0.831062 0.413204 1 5.87225e-15 0 128 
4 2.2 -1.07388 0.487505 1 5.87225e-15 0 256 
4 2.2 -1.54249 0.664097 1 0 1.61487e-15 16 
4 2.2 -1.20067 0.596214 1 -1.17445e-14 1.61487e-15 32 
4 2.2 -1.46341 0.619363 1 -1.17445e-14 0 64 
4 2.2 -0.768077 0.311399 1 0 4.03717e-16 128 
4 2.2 -1.28962 0.55173 1 -5.87225e-15 -1.61487e-15 256 
4 2.2 -1.55272 0.668172 1 0 1.61487e-15 16 
4 2.2 -1.19635 0.54285 1 0 0 32 
4 2.2 -1.87308 0.768244 1 -1.17445e-14 0 64 
4 2.2 -1.07238 0.556107 1 0 0 128 
4 2.2 -1.56545 0.682847 1 1.17445e-14 1.61487e-15 256 
4 2.2 -1.35792 0.601037 1 1.17445e-14 0 16 
4 2.2 -0.85813 0.364789 1 0 0 32 
4 2.2 -1.65056 0.743939 1 0 0 64 
4 2.2 -0.8221 0.251775 1 0 4.03717e-16 128 
4 2.2 -1.96329 0.764768 1 0 -3.22974e-15 256 
4 2.2 -1.61318 0.702666 1 -1.17445e-14 -1.61487e-15 16 
4 2.2 -1.76819 0.743658 1 0 -3.22974e-15 32 
4 2.2 -0.614329 0.162733 1 2.93613e-15 1.00929e-16 64 
4 2.2 -1.26323 0.596187 1 -1.17445e-14 1.61487e-15 128 
4 2.2 -1.29894 0.533263 1 0 -1.61487e-15 256 
4 2.2 -1.52997 0.65407 1 0 -1.61487e-15 16 
4 2.2 -1.21225 0.57607 1 -5.87225e-15 -1.61487e-15 32 
4 2.2 -1.17723 0.562137 1 -1.76168e-14 0 64 
4 2.2 -1.61302 0.665137 1 -1.17445e-14 -1.61487e-15 128 
4 2.2 -1.35668 0.626936 1 -1.17445e-14 0 256 
4 2.2 -1.29873 0.534801 1 0 1.61487e-15 16 
4 2.2 -0.733939 0.412471 1 0 0 32 
4 2.2 -1.30269 0.449825 1 -1.17445e-14 -8.07435e-16 64 
4 2.2 -0.943949 0.46794 1 5.87225e-15 8.07435e-16 128 
4 2.2 -1.24035 0.58072 1 -5.87225e-15 -1.61487e-15 256 
4 2.2 -1.08952 0.516203 1 5.87225e-15 0 16 
4 2.2 -1.18627 0.482783 1 5.87225e-15 0 32 
4 2.2 -0.946094 0.40026 1 0 8.07435e-16 64 
4 2.2 -1.23188 0.584033 1 1.17445e-14 -1.61487e-15 128 
4 2.2 -1.25699 0.563999 1 0 0 256 
4 2.2 -1.05304 0.33754 1 0 4.03717e-16 16 
4 2.2 -1.00996 0.478925 1 -1.17445e-14 -8.07435e-16 32 
4 2.2 -1.19966 0.516263 1 0 0 64 
4 2.2 -0.649892 0.271476 1 -2.93613e-15 4.03717e-16 128 
4 2.2 -1.00281 0.449647 1 -5.87225e-15 0 256 
4 2.2 -1.19026 0.578796 1 0 -1.61487e-15 16 
4 2.2 -1.01797 0.440895 1 0 8.07435e-16 32 
4 2.2 -1.69386 0.714171 1 1.17445e-14 0 64 
4 2.2 -1.3748 0.610234 1 1.17445e-14 -1.61487e-15 128 
4 2.2 -1.92359 0.747227 1 0 3.22974e-15 256 
4 2.2 -1.22233 0.576989 1 0 -1.61487e-15 16 
4 2.2 -1.14514 0.514758 1 0 0 32 
4 2.2 -1.61698 0.705859 1 1.17445e-14 1.61487e-15 64 
4 2.2 -0.586262 0.184336 1 2.93613e-15 0 128 
4 2.2 -1.13671 0.560559 1 0 -1.61487e-15 256 
4 2.2 -1.0971 0.505907 1 -5.87225e-15 -1.61487e-15 16 
4 2.2 -1.84628 0.754734 1 0 3.22974e-15 32 
4 2.2 -1.64503 0.669262 1 1.17445e-14 -1.61487e-15 64 
4 2.2 -1.59567 0.624461 1 -1.17445e-14 -1.61487e-15 128 
4 2.2 -1.04309 0.430336 1 0 0 256 
4 2.2 -1.48967 0.670162 1 -1.17445e-14 1.61487e-15 16 
4 2.2 -1.69513 0.726837 1 -1.17445e-14 0 32 
4 2.2 -1.69458 0.676261 1 -1.17445e-14 1.61487e-15 64 
4 2.2 -0.517188 0.344653 1 0 0 128 
4 2.2 -1.41461 0.621235 1 0 -1.61487e-15 256 
4 2.2 -1.67874 0.702624 1 1.17445e-14 0 16 
4 2.2 -0.820847 0.381635 1 -5.87225e-15 0 32 
4 2.2 -1.17006 0.536061 1 -5.87225e-15 0 64 
4 2.2 -0.551943 0.0585994 1 -2.93613e-15 -1.26162e-17 128 
4 2.2 -1.01291 0.463938 1 5.87225e-15 0 256 
4 2.2 -1.37532 0.613918 1 0 -1.61487e-15 16 
4 2.2 -1.40853 0.637316 1 0 -1.61487e-15 32 
4 2.2 -1.20984 0.493381 1 -5.87225e-15 0 64 
4 2.2 -1.66586 0.712545 1 0 3.22974e-15 128 
4 2.2 -1.26138 0.536707 1 0 0 256 
4 2.2 -1.70694 0.753655 1 -1.17445e-14 0 16 
4 2.2 -1.06307 0.423874 1 0 0 32 
4 2.2 -1.15767 0.500804 1 -5.87225e-15 0 64 
4 2.2 -1.77462 0.731681 1 0 0 128 
4 2.2 -1.23287 0.534971 1 0 1.61487e-15 256 
4 2.2 -1.82054 0.688922 1 1.17445e-14 -1.61487e-15 16 
4 2.2 -1.11619 0.498156 1 -5.87225e-15 -8.07435e-16 32 
4 2.2 -0.568519 0.278155 1 0 4.03717e-16 64 
4 2.2 -1.35014 0.516559 1 0 -1.61487e-15 128 
4 2.2 -1.17679 0.549978 1 5.87225e-15 -1.61487e-15 256 
4 2.2 -1.32388 0.663937 1 -5.87225e-15 0 16 
4 2.2 -1.55524 0.665199 1 -1.17445e-14 -1.61487e-15 32 
4 2.2 -0.95499 0.420116 1 0 8.07435e-16 64 
4 2.2 -1.12624 0.417352 1 0 0 128 
4 2.2 -0.89408 0.335146 1 0 0 256 
4 2.2 -1.09111 0.531948 1 0 -1.61487e-15 16 
4 2.2 -1.09648 0.548049 1 -5.87225e-15 1.61487e-15 32 
4 2.2 -1.20282 0.591082 1 0 1.61487e-15 64 
4 2.2 -1.56914 0.657894 1 0 1.61487e-15 128 
4 2.2 -1.28001 0.547173 1 1.17445e-14 1.61487e-15 256 
4 2.2 -1.33867 0.598966 1 -1.17445e-14 -1.61487e-15 16 
4 2.2 -0.836033 0.376102 1 -5.87225e-15 0 32 
4 2.2 -0.45062 0.1249 1 -5.87225e-15 -5.04647e-17 64 
4 2.2 -1.31655 0.641304 1 5.87225e-15 -1.61487e-15 128 
4 2.2 -1.33705 0.66001 1 -1.17445e-14 -1.61487e-15 256 
4 2.2 -1.39322 0.633715 1 1.17445e-14 1.61487e-15 16 
4 2.2 -1.34416 0.488339 1 1.17445e-14 0 32 
4 2.2 -0.795805 0.379468 1 0 8.07435e-16 64 
4 2.2 -0.821856 0.379809 1 0 8.07435e-16 128 
4 2.2 -1.63091 0.677866 1 0 1.61487e-15 256 
4 2.2 -1.11911 0.460808 1 -5.87225e-15 0 16 
4 2.2 -1.70756 0.706624 1 0 0 32 
4 2.2 -0.628886 0.220828 1 0 -2.01859e-16 64 
4 2.2 -1.19871 0.53879 1 1.17445e-14 0 128 
4 2.2 -1.45876 0.641708 1 1.17445e-14 -1.61487e-15 256 
4 2.2 -0.523447 0.307611 1 0 -4.03717e-16 16 
4 2.2 -1.01044 0.435656 1 0 0 32 
4 2.2 -0.566372 0.135181 1 0 -1.00929e-16 64 
4 2.2 -1.15329 0.503874 1 1.17445e-14 -1.61487e-15 128 
4 2.2 -1.62405 0.666158 1 0 -1.61487e-15 256 
4 2.2 -1.40897 0.563639 1 1.17445e-14 1.61487e-15 16 
4 2.2 -0.745643 0.142725 1 -5.87225e-15 0 32 
4 2.2 -0.922794 0.489661 1 0 0 64 
4 2.2 -1.0168 0.458978 1 0 8.07435e-16 128 
4 2.2 -1.51881 0.615745 1 0 -1.61487e-15 256 
4 2.2 -1.49963 0.644143 1 -1.17445e-14 1.61487e-15 16 
4 2.2 -1.48552 0.615678 1 -1.17445e-14 1.61487e-15 32 
4 2.2 -1.00694 0.415608 1 5.87225e-15 -8.07435e-16 64 
4 2.2 -1.16079 0.541099 1 -5.87225e-15 -1.61487e-15 128 
4 2.2 -1.6697 0.686903 1 0 -1.61487e-15 256 
4 2.2 -1.15302 0.415669 1 0 0 16 
4 2.2 -0.911401 0.465456 1 -5.87225e-15 8.07435e-16 32 
4 2.2 -0.868725 0.427808 1 5.87225e-15 8.07435e-16 64 
4 2.2 -1.76417 0.731703 1 1.17445e-14 3.22974e-15 128 
4 2.2 -0.653447 0.173495 1 0 -1.00929e-16 256 
4 2.2 -1.01723 0.363177 1 5.87225e-15 0 16 
4 2.2 -0.949452 0.312289 1 -5.87225e-15 4.03717e-16 32 
4 2.2 -1.12191 0.432896 1 0 0 64 
4 2.2 -1.46755 0.688276 1 -1.17445e-14 -1.61487e-15 128 
4 2.2 -0.775666 0.291364 1 0 0 256 
4 2.2 -1.18211 0.459949 1 -5.87225e-15 -8.07435e-16 16 
4 2.2 -0.857905 0.440164 1 0 -8.07435e-16 32 
4 2.2 -0.656813 0.0790186 1 -2.93613e-15 -2.52323e-17 64 
4 2.2 -1.25481 0.597319 1 0 1.61487e-15 128 
4 2.2 -1.12881 0.51364 1 -5.87225e-15 -1.61487e-15 256 
4 2.2 -1.32161 0.566684 1 -1.17445e-14 1.61487e-15 16 
4 2.2 -1.21863 0.579774 1 -1.17445e-14 0 32 
4 2.2 -0.865565 0.443863 1 -5.87225e-15 8.07435e-16 64 
4 2.2 -1.15088 0.580307 1 1.17445e-14 -1.61487e-15 128 
4 2.2 -1.40922 0.624724 1 0 0 256 
4 2.2 -1.92529 0.785413 1 -1.17445e-14 0 16 
4 2.2 -0.819162 0.256668 1 0 -4.03717e-16 32 
4 2.2 -1.56267 0.667176 1 -1.17445e-14 0 64 
4 2.2 -1.4185 0.626952 1 -1.17445e-14 -1.61487e-15 128 
4 2.2 -1.96454 0.783266 1 0 -3.22974e-15 256 
4 2.2 -1.52556 0.680492 1 -1.17445e-14 0 16 
4 2.2 -1.27601 0.554635 1 5.87225e-15 0 32 
4 2.2 -0.650303 0.299092 1 0 0 64 
4 2.2 -1.38276 0.634921 1 -1.17445e-14 0 128 
4 2.2 -0.718865 0.355429 1 5.87225e-15 -8.07435e-16 256 
4 2.2 -1.8402 0.735147 1 -1.17445e-14 0 16 
4 2.2 -1.02776 0.505975 1 -1.17445e-14 0 32 
4 2.2 -1.39612 0.667927 1 0 -1.61487e-15 64 
4 2.2 -0.802297 0.266983 1 0 4.03717e-16 128 
4 2.2 -0.629833 0.311487 1 0 -4.03717e-16 256 
4 2.2 -1.2791 0.548208 1 5.87225e-15 -1.61487e-15 16 
4 2.2 -1.57931 0.716841 1 -1.17445e-14 -3.22974e-15 32 
4 2.2 -0.908365 0.346712 1 0 -4.03717e-16 64 
4 2.2 -1.26078 0.581751 1 0 -1.61487e-15 128 
4 2.2 -1.5128 0.647395 1 -1.17445e-14 0 256 
4 2.2 -1.68424 0.724263 1 0 3.22974e-15 16 
4 2.2 -1.72683 0.685355 1 0 0 32 
4 2.2 -1.27472 0.563831 1 0 0 64 
4 2.2 -1.15464 0.532131 1 -5.87225e-15 1.61487e-15 128 
4 2.2 -0.91751 0.370569 1 5.87225e-15 0 256 
4 2.2 -1.43121 0.66149 1 0 1.61487e-15 16 
4 2.2 -0.823068 0.335158 1 0 0 32 
4 2.2 -1.54997 0.672968 1 0 1.61487e-15 64 
4 2.2 -1.23365 0.533546 1 5.87225e-15 1.61487e-15 128 
4 2.2 -1.01207 0.513405 1 5.87225e-15 0 256 
4 2.2 -2.08556 0.789885 1 1.17445e-14 0 16 
4 2.2 -0.632976 0.192243 1 0 2.01859e-16 32 
4 2.2 -1.83382 0.763313 1 0 0 64 
4 2.2 -0.907825 0.501794 1 0 1.61487e-15 128 
4 2.2 -1.24917 0.61826 1 5.87225e-15 1.61487e-15 256 
4 2.2 -1.34124 0.5615 1 0 1.61487e-15 16 
4 2.2 -1.05453 0.402053 1 -5.87225e-15 0 32 
4 2.2 -1.35077 0.633061 1 0 1.61487e-15 64 
4 2.2 -0.987177 0.314942 1 -5.87225e-15 0 128 
4 2.2 -1.11781 0.497901 1 5.87225e-15 -8.07435e-16 256 
4 2.2 -1.30104 0.548496 1 1.17445e-14 -1.61487e-15 16 
4 2.2 -1.12355 0.5304 1 -5.87225e-15 0 32 
4 2.2 -1.50544 0.660392 1 0 -1.61487e-15 64 
4 2.2 -1.10595 0.48287 1 0 0 128 
4 2.2 -1.52061 0.674772 1 1.17445e-14 0 256 
4 2.2 -1.147 0.575 1 5.87225e-15 0 16 
4 2.2 -1.60425 0.707564 1 1.17445e-14 0 32 
4 2.2 -1.29564 0.531149 1 5.87225e-15 1.61487e-15 64 
4 2.2 -1.15597 0.57165 1 0 -1.61487e-15 128 
4 2.2 -0.568418 0.123034 1 2.93613e-15 0 256 
4 2.2 -1.16837 0.514199 1 5.87225e-15 0 16 
4 2.2 -1.34183 0.568756 1 1.17445e-14 1.61487e-15 32 
4 2.2 -1.50281 0.635034 1 0 -1.61487e-15 64 
4 2.2 -1.48254 0.638347 1 -1.17445e-14 1.61487e-15 128 
4 2.2 -1.48366 0.651993 1 0 0 256 
4 2.2 -1.80737 0.7153 1 0 0 16 
4 2.2 -1.28244 0.542108 1 0 -1.61487e-15 32 
4 2.2 -1.62723 0.69142 1 -1.17445e-14 0 64 
4 2.2 -1.2621 0.559652 1 5.87225e-15 0 128 
4 2.2 -1.04619 0.34379 1 -1.17445e-14 4.03717e-16 256 
4 2.2 -1.84945 0.73922 1 -1.17445e-14 0 16 
4 2.2 -1.49394 0.594711 1 1.17445e-14 -1.61487e-15 32 
4 2.2 -1.40136 0.604576 1 1.17445e-14 0 64 
4 2.2 -0.904531 0.465998 1 -5.87225e-15 0 128 
4 2.2 -1.17721 0.546691 1 -5.87225e-15 0 256 
4 2.2 -1.71877 0.673691 1 -1.17445e-14 -1.61487e-15 16 
4 2.2 -0.964292 0.337248 1 0 0 32 
4 2.2 -0.734782 0.235059 1 0 -2.01859e-16 64 
4 2.2 -1.44735 0.624888 1 0 -1.61487e-15 128 
4 2.2 -1.07709 0.494325 1 -5.87225e-15 0 256 
4 2.2 -1.49442 0.633014 1 0 1.61487e-15 16 
4 2.2 -1.21855 0.500047 1 -1.17445e-14 -1.61487e-15 32 
4 2.2 -1.26365 0.603283 1 0 0 64 
4 2.2 -1.57362 0.657708 1 1.17445e-14 -1.61487e-15 128 
4 2.2 -0.797679 0.446269 1 5.87225e-15 -8.07435e-16 256 
4 2.2 -1.26463 0.603697 1 0 1.61487e-15 16 
4 2.2 -1.2126 0.563088 1 -5.87225e-15 0 32 
4 2.2 -0.915124 0.48189 1 0 0 64 
4 2.2 -1.46539 0.634457 1 0 -1.61487e-15 128 
4 2.2 -1.05943 0.472295 1 5.87225e-15 8.07435e-16 256 
4 2.2 -1.70541 0.693477 1 1.17445e-14 0 16 
4 2.2 -1.20858 0.570628 1 -5.87225e-15 0 32 
4 2.2 -1.24422 0.583219 1 0 -1.61487e-15 64 
4 2.2 -0.983546 0.494487 1 -5.87225e-15 0 128 
4 2.2 -1.40971 0.629077 1 1.17445e-14 1.61487e-15 256 
4 2.2 -1.54739 0.642737 1 -1.17445e-14 -1.61487e-15 16 
4 2.2 -1.08086 0.433898 1 0 0 32 
4 2.2 -1.25189 0.568397 1 0 0 64 
4 2.2 -1.10386 0.516648 1 -5.87225e-15 1.61487e-15 128 
4 2.2 -0.715997 0.462876 1 5.87225e-15 0 256 
4 2.2 -1.89838 0.754584 1 1.17445e-14 0 16 
4 2.2 -0.409989 0.268609 1 -2.93613e-15 -4.03717e-16 32 
4 2.2 -1.05405 0.490236 1 1.17445e-14 0 64 
4 2.2 -1.06524 0.518474 1 -5.87225e-15 0 128 
4 2.2 -1.37581 0.578654 1 -1.17445e-14 0 256 
4 2.2 -0.871174 0.368543 1 5.87225e-15 0 16 
4 2.2 -1.40629 0.607761 1 0 0 32 
4 2.2 -1.77463 0.704267 1 -1.17445e-14 0 64 
4 2.2 -1.75007 0.736672 1 -1.17445e-14 0 128 
4 2.2 -1.07302 0.460095 1 -5.87225e-15 -8.07435e-16 256 
4 2.2 -1.17554 0.531118 1 5.87225e-15 1.61487e-15 16 
4 2.2 -1.04292 0.513048 1 5.87225e-15 0 32 
4 2.2 -1.63659 0.650098 1 -2.3489e-14 0 64 
4 2.2 -1.30768 0.581078 1 -5.87225e-15 -1.61487e-15 128 
4 2.2 -1.18298 0.515172 1 -5.87225e-15 0 256 
4 2.2 -1.11118 0.538348 1 -5.87225e-15 1.61487e-15 16 
4 2.2 -0.612191 0.129094 1 0 -1.00929e-16 32 
4 2.2 -0.740363 0.263929 1 0 -4.03717e-16 64 
4 2.2 -1.12655 0.504522 1 -5.87225e-15 0 128 
4 2.2 -0.944878 0.364899 1 0 8.07435e-16 256 
4 2.2 -1.55771 0.621785 1 0 1.61487e-15 16 
4 2.2 -1.38044 0.589811 1 -1.17445e-14 1.61487e-15 32 
4 2.2 -1.3303 0.605544 1 0 1.61487e-15 64 
4 2.2 -1.34058 0.574338 1 0 0 128 
4 2.2 -1.24974 0.564382 1 -1.17445e-14 0 256 
4 2.2 -1.40442 0.65225 1 0 0 16 
4 2.2 -1.42113 0.597537 1 0 1.61487e-15 32 
4 2.2 -1.07176 0.421051 1 0 0 64 
4 2.2 -1.50121 0.618729 1 -1.17445e-14 1.61487e-15 128 
4 2.2 -0.600167 0.234739 1 -2.93613e-15 -2.01859e-16 256 
4 2.2 -1.38783 0.635695 1 0 0 16 
4 2.2 -1.09546 0.453698 1 -1.17445e-14 0 32 
4 2.2 -1.44697 0.638829 1 2.3489e-14 -1.61487e-15 64 
4 2.2 -0.866052 0.370453 1 0 -8.07435e-16 128 
4 2.2 -1.06468 0.530321 1 -5.87225e-15 0 256 
4 2.2 -1.29177 0.615136 1 5.87225e-15 1.61487e-15 16 
4 2.2 -1.35448 0.586316 1 1.17445e-14 0 32 
4 2.2 -1.14567 0.485612 1 0 0 64 
4 2.2 -0.519883 0.207147 1 0 -2.01859e-16 128 
4 2.2 -0.507992 0.137127 1 0 0 256 
4 2.2 -1.63508 0.683233 1 -1.17445e-14 0 16 
4 2.2 -1.26562 0.551821 1 -5.87225e-15 -1.61487e-15 32 
4 2.2 -1.24575 0.616563 1 -1.17445e-14 0 64 
4 2.2 -0.891569 0.431557 1 0 0 128 
4 2.2 -1.54214 0.674094 1 1.17445e-14 0 256 
4 2.2 -1.17003 0.552945 1 5.87225e-15 0 16 
4 2.2 -1.24116 0.517318 1 -5.87225e-15 -1.61487e-15 32 
4 2.2 -1.43621 0.62343 1 0 -1.61487e-15 64 
4 2.2 -1.64907 0.71015 1 1.17445e-14 -3.22974e-15 128 
4 2.2 -0.668044 0.39132 1 -5.87225e-15 8.07435e-16 256 
4 2.2 -1.454 0.694003 1 1.17445e-14 -1.61487e-15 16 
4 2.2 -0.870137 0.336703 1 0 -4.03717e-16 32 
4 2.2 -0.487654 0.174559 1 2.93613e-15 1.00929e-16 64 
4 2.2 -1.72509 0.742089 1 1.17445e-14 3.22974e-15 128 
4 2.2 -0.967472 0.40019 1 0 8.07435e-16 256 
4 2.2 -1.79766 0.746049 1 0 0 16 
4 2.2 -0.865201 0.482902 1 0 -8.07435e-16 32 
4 2.2 -1.06698 0.357333 1 -1.17445e-14 8.07435e-16 64 
4 2.2 -1.64389 0.683674 1 -1.17445e-14 0 128 
4 2.2 -1.24377 0.510286 1 0 -1.61487e-15 256 
4 2.2 -1.10046 0.436267 1 -5.87225e-15 -8.07435e-16 16 
4 2.2 -1.5283 0.687426 1 -1.17445e-14 1.61487e-15 32 
4 2.2 -1.71693 0.711441 1 0 3.22974e-15 64 
4 2.2 -1.37641 0.668178 1 0 0 128 
4 2.2 -1.5361 0.674872 1 -1.17445e-14 0 256 
4 2.2 -1.71725 0.74111 1 1.17445e-14 0 16 
4 2.2 -1.28442 0.578982 1 -5.87225e-15 -1.61487e-15 32 
4 2.2 -0.902875 0.386077 1 0 0 64 
4 2.2 -1.92149 0.770519 1 1.17445e-14 0 128 
4 2.2 -0.872374 0.420598 1 -5.87225e-15 -8.07435e-16 256 
4 2.2 -1.35165 0.627823 1 1.17445e-14 1.61487e-15 16 
4 2.2 -1.16361 0.5541 1 -1.17445e-14 -1.61487e-15 32 
4 2.2 -1.4902 0.644131 1 0 1.61487e-15 64 
4 2.2 -1.08999 0.504795 1 0 1.61487e-15 128 
4 2.2 -0.917044 0.438577 1 5.87225e-15 0 256 
4 2.2 -0.919578 0.485133 1 0 8.07435e-16 16 
4 2.2 -1.24472 0.577856 1 -5.87225e-15 -1.61487e-15 32 
4 2.2 -1.17225 0.500289 1 -5.87225e-15 0 64 
4 2.2 -0.793691 0.117015 1 -5.87225e-15 -5.04647e-17 128 
4 2.2 -1.45069 0.602162 1 -1.17445e-14 -1.61487e-15 256 
4 2.2 -1.02432 0.317886 1 0 4.03717e-16 16 
4 2.2 -1.26431 0.572352 1 1.17445e-14 1.61487e-15 32 
4 2.2 -1.10367 0.451721 1 0 -8.07435e-16 64 
4 2.2 -1.43394 0.659655 1 0 -1.61487e-15 128 
4 2.2 -1.6852 0.725423 1 0 0 256 
4 2.2 -1.30202 0.616888 1 -5.87225e-15 -1.61487e-15 16 
4 2.2 -1.04285 0.423412 1 -5.87225e-15 0 32 
4 2.2 -1.40479 0.613654 1 0 0 64 
4 2.2 -0.992406 0.455695 1 5.87225e-15 8.07435e-16 128 
4 2.2 -0.656049 0.146166 1 0 -1.00929e-16 256 
4 2.2 -1.40069 0.65012 1 0 1.61487e-15 16 
4 2.2 -0.635992 0.232247 1 2.93613e-15 2.01859e-16 32 
4 2.2 -1.71062 0.701524 1 0 -1.61487e-15 64 
4 2.2 -0.880961 0.227622 1 5.87225e-15 0 128 
4 2.2 -1.43096 0.557691 1 -1.17445e-14 -1.61487e-15 256 
4 2.2 -1.31188 0.584949 1 5.87225e-15 -1.61487e-15 16 
4 2.2 -1.63452 0.678127 1 0 1.61487e-15 32 
4 2.2 -1.82281 0.746626 1 1.17445e-14 0 64 
4 2.2 -1.08273 0.495049 1 0 0 128 
4 2.2 -1.35203 0.604359 1 0 -1.61487e-15 256 
4 2.2 -1.53886 0.66756 1 0 1.61487e-15 16 
4 2.2 -1.5528 0.595175 1 0 -1.61487e-15 32 
4 2.2 -1.60168 0.674883 1 0 1.61487e-15 64 
4 2.2 -1.25558 0.546309 1 0 0 128 
4 2.2 -1.48259 0.646518 1 0 -1.61487e-15 256 
4 2.2 -1.48895 0.5795 1 -1.17445e-14 0 16 
4 2.2 -1.32658 0.55532 1 -5.87225e-15 -1.61487e-15 32 
4 2.2 -0.852567 0.400639 1 -5.87225e-15 0 64 
4 2.2 -1.37763 0.645321 1 0 -1.61487e-15 128 
4 2.2 -1.71792 0.642397 1 1.17445e-14 1.61487e-15 256 
4 2.2 -1.10462 0.5143 1 0 0 16 
4 2.2 -1.53051 0.69606 1 1.17445e-14 0 32 
4 2.2 -0.98209 0.514606 1 5.87225e-15 1.61487e-15 64 
4 2.2 -0.875306 0.359824 1 0 -8.07435e-16 128 
4 2.2 -0.954293 0.345667 1 0 0 256 
4 2.2 -0.842001 0.446368 1 5.87225e-15 0 16 
4 2.2 -0.68919 0.333458 1 5.87225e-15 -4.03717e-16 32 
4 2.2 -1.62504 0.709704 1 0 -3.22974e-15 64 
4 2.2 -1.3285 0.640299 1 1.76168e-14 0 128 
4 2.2 -1.31174 0.558123 1 0 1.61487e-15 256 
4 2.2 -0.945294 0.234251 1 5.87225e-15 2.01859e-16 16 
4 2.2 -1.56289 0.671645 1 -1.17445e-14 -1.61487e-15 32 
4 2.2 -1.37005 0.675529 1 -1.17445e-14 1.61487e-15 64 
4 2.2 -0.963066 0.430566 1 -1.17445e-14 -8.07435e-16 128 
4 2.2 -1.07053 0.334826 1 -5.87225e-15 -4.03717e-16 256 
4 2.2 -1.48387 0.696011 1 1.17445e-14 1.61487e-15 16 
4 2.2 -0.991501 0.392066 1 0 8.07435e-16 32 
4 2.2 -1.66969 0.683337 1 -1.17445e-14 1.61487e-15 64 
4 2.2 -1.59444 0.675567 1 1.17445e-14 1.61487e-15 128 
4 2.2 -0.767992 0.273577 1 5.87225e-15 4.03717e-16 256 
4 2.2 -1.41107 0.659799 1 1.17445e-14 1.61487e-15 16 
4 2.2 -0.948243 0.366957 1 0 0 32 
4 2.2 -1.34144 0.602967 1 -1.17445e-14 1.61487e-15 64 
4 2.2 -0.9187 0.305446 1 -5.87225e-15 4.03717e-16 128 
4 2.2 -1.58012 0.677101 1 0 0 256 
4 2.2 -1.9472 0.775312 1 0 0 16 
4 2.2 -1.16173 0.486519 1 -1.17445e-14 -8.07435e-16 32 
4 2.2 -1.12372 0.40981 1 0 0 64 
4 2.2 -0.858732 0.47794 1 0 0 128 
4 2.2 -1.48782 0.644722 1 -1.17445e-14 0 256 
4 2.2 -1.58027 0.608565 1 0 0 16 
4 2.2 -1.64934 0.638697 1 1.17445e-14 0 32 
4 2.2 -1.4133 0.571839 1 -1.17445e-14 1.61487e-15 64 
4 2.2 -1.39933 0.610657 1 0 1.61487e-15 128 
4 2.2 -1.12258 0.563351 1 5.87225e-15 1.61487e-15 256 
4 2.2 -0.907403 0.438081 1 5.87225e-15 0 16 
4 2.2 -0.833467 0.418958 1 -5.87225e-15 0 32 
4 2.2 -1.46639 0.633029 1 -1.17445e-14 0 64 
4 2.2 -0.665118 0.330275 1 2.93613e-15 -4.03717e-16 128 
4 2.2 -0.848582 0.290273 1 5.87225e-15 4.03717e-16 256 
4 2.2 -1.09609 0.446347 1 0 -8.07435e-16 16 
4 2.2 -1.19884 0.529629 1 1.17445e-14 0 32 
4 2.2 -1.43906 0.659211 1 0 1.61487e-15 64 
4 2.2 -0.745061 0.0966272 1 0 -5.04647e-17 128 
4 2.2 -1.41552 0.680166 1 0 0 256 
4 2.2 -1.28687 0.58894 1 5.87225e-15 0 16 
4 2.2 -1.56051 0.644899 1 1.17445e-14 1.61487e-15 32 
4 2.2 -0.737739 0.121991 1 0 -5.04647e-17 64 
4 2.2 -1.24379 0.518086 1 -5.87225e-15 1.61487e-15 128 
4 2.2 -1.67818 0.720652 1 -1.17445e-14 0 256 
4 2.2 -1.34377 0.579846 1 0 0 16 
4 2.2 -0.98781 0.507717 1 1.17445e-14 0 32 
4 2.2 -1.27433 0.542311 1 -5.87225e-15 -1.61487e-15 64 
4 2.2 -1.4261 0.615474 1 0 0 128 
4 2.2 -1.78544 0.710702 1 0 0 256 
4 2.2 -1.72395 0.74673 1 -1.17445e-14 0 16 
4 2.2 -0.69797 0.215397 1 0 0 32 
4 2.2 -1.33896 0.64072 1 0 0 64 
4 2.2 -1.25011 0.519364 1 1.17445e-14 1.61487e-15 128 
4 2.2 -1.37787 0.599551 1 0 0 256 
4 2.2 -0.732763 0.349118 1 5.87225e-15 0 16 
4 2.2 -1.37583 0.597244 1 0 -1.61487e-15 32 
4 2.2 -1.47911 0.579212 1 0 -1.61487e-15 64 
4 2.2 -1.03236 0.542841 1 -5.87225e-15 1.61487e-15 128 
4 2.2 -1.42509 0.627884 1 0 0 256 
4 2.2 -1.47885 0.604786 1 -1.17445e-14 1.61487e-15 16 
4 2.2 -0.793408 0.190499 1 0 0 32 
4 2.2 -1.27601 0.585874 1 0 0 64 
4 2.2 -0.736186 0.44907 1 -5.87225e-15 0 128 
4 2.2 -1.44274 0.56154 1 0 0 256 
4 2.2 -1.56412 0.680276 1 0 0 16 
4 2.2 -1.27997 0.596362 1 0 0 32 
4 2.2 -1.10039 0.448241 1 0 0 64 
4 2.2 -1.03443 0.446307 1 -5.87225e-15 0 128 
4 2.2 -1.05101 0.422923 1 -5.87225e-15 0 256 
4 2.2 -1.38505 0.666384 1 1.17445e-14 0 16 
4 2.2 -1.11524 0.53466 1 -5.87225e-15 1.61487e-15 32 
4 2.2 -1.49744 0.636412 1 0 0 64 
4 2.2 -0.677924 0.379075 1 0 0 128 
4 2.2 -1.63113 0.693402 1 -1.17445e-14 -1.61487e-15 256 
4 2.2 -1.35955 0.649622 1 1.17445e-14 1.61487e-15 16 
4 2.2 -1.32226 0.560268 1 1.17445e-14 1.61487e-15 32 
4 2.2 -1.45302 0.614511 1 0 0 64 
4 2.2 -0.792043 0.417407 1 1.17445e-14 0 128 
4 2.2 -0.984801 0.466928 1 0 8.07435e-16 256 
4 2.2 -1.11285 0.5679 1 -5.87225e-15 0 16 
4 2.2 -1.52482 0.691006 1 1.17445e-14 -1.61487e-15 32 
4 2.2 -1.62741 0.64162 1 0 0 64 
4 2.2 -1.35507 0.612874 1 0 -1.61487e-15 128 
4 2.2 -1.53073 0.653794 1 0 -1.61487e-15 256 
4 2.2 -1.53266 0.620165 1 1.17445e-14 1.61487e-15 16 
4 2.2 -0.753138 0.342788 1 0 -4.03717e-16 32 
4 2.2 -0.902105 0.456171 1 5.87225e-15 0 64 
4 2.2 -1.35031 0.640615 1 0 -1.61487e-15 128 
4 2.2 -1.37155 0.596708 1 -1.17445e-14 1.61487e-15 256 
4 2.2 -1.36997 0.643322 1 0 0 16 
4 2.2 -1.14896 0.493916 1 1.17445e-14 -8.07435e-16 32 
4 2.2 -1.71293 0.709991 1 1.17445e-14 -3.22974e-15 64 
4 2.2 -0.972863 0.506505 1 5.87225e-15 -1.61487e-15 128 
4 2.2 -1.27471 0.576727 1 5.87225e-15 1.61487e-15 256 
4 2.2 -1.17423 0.563402 1 5.87225e-15 0 16 
4 2.2 -1.10194 0.516348 1 0 -1.61487e-15 32 
4 2.2 -1.28785 0.49402 1 -1.17445e-14 -8.07435e-16 64 
4 2.2 -1.00277 0.408856 1 0 0 128 
4 2.2 -0.426041 0.062189 1 -2.93613e-15 -1.26162e-17 256 
4 2.2 -1.37976 0.605938 1 0 1.61487e-15 16 
4 2.2 -1.21109 0.511286 1 5.87225e-15 0 32 
4 2.2 -0.7557 0.431864 1 0 0 64 
4 2.2 -1.35224 0.615303 1 -1.17445e-14 1.61487e-15 128 
4 2.2 -0.856307 0.422519 1 0 8.07435e-16 256 
4 2.2 -1.57533 0.626195 1 0 0 16 
4 2.2 -1.17941 0.430248 1 0 0 32 
4 2.2 -1.46644 0.682379 1 0 -1.61487e-15 64 
4 2.2 -1.50978 0.641716 1 0 1.61487e-15 128 
4 2.2 -1.71533 0.667964 1 0 0 256 
4 2.2 -1.00653 0.284749 1 0 4.03717e-16 16 
4 2.2 -1.58749 0.649279 1 -1.17445e-14 1.61487e-15 32 
4 2.2 -0.660844 0.165443 1 -5.87225e-15 1.00929e-16 64 
4 2.2 -1.43738 0.640438 1 1.17445e-14 -1.61487e-15 128 
4 2.2 -1.32228 0.602305 1 5.87225e-15 -1.61487e-15 256 
4 2.2 -1.11915 0.542962 1 1.17445e-14 1.61487e-15 16 
4 2.2 -0.638834 0.261978 1 5.87225e-15 -4.03717e-16 32 
4 2.2 -1.05091 0.509164 1 -5.87225e-15 -1.61487e-15 64 
4 2.2 -1.34659 0.622889 1 0 0 128 
4 2.2 -0.827752 0.415711 1 5.87225e-15 8.07435e-16 256 
4 2.2 -1.11941 0.523727 1 0 0 16 
4 2.2 -1.40558 0.616576 1 1.17445e-14 0 32 
4 2.2 -1.22927 0.56587 1 -1.76168e-14 1.61487e-15 64 
4 2.2 -1.67058 0.699387 1 2.3489e-14 1.61487e-15 128 
4 2.2 -1.50888 0.676289 1 0 1.61487e-15 256 
4 2.2 -1.14777 0.531893 1 0 1.61487e-15 16 
4 2.2 -1.5383 0.658292 1 0 0 32 
4 2.2 -0.842976 0.416186 1 -5.87225e-15 8.07435e-16 64 
4 2.2 -0.829739 0.401782 1 -5.87225e-15 0 128 
4 2.2 -1.48967 0.6588 1 0 0 256 
4 2.2 -1.15496 0.402945 1 5.87225e-15 0 512 
4 2.2 -0.983263 0.437297 1 -5.87225e-15 0 1024 
4 2.2 -1.447 0.668839 1 0 0 2048 
4 2.2 -1.06784 0.558019 1 -5.87225e-15 0 4096 
4 2.2 -1.38937 0.607541 1 0 0 8192 
4 2.2 -0.741173 0.317231 1 5.87225e-15 4.03717e-16 512 
4 2.2 -1.81976 0.765204 1 1.17445e-14 0 1024 
4 2.2 -1.1932 0.607605 1 0 -1.61487e-15 2048 
4 2.2 -1.45418 0.575693 1 -1.17445e-14 -1.61487e-15 4096 
4 2.2 -0.945017 0.346661 1 5.87225e-15 0 8192 
4 2.2 -1.25353 0.512224 1 0 -1.61487e-15 512 
4 2.2 -0.876952 0.467082 1 0 0 1024 
4 2.2 -1.13163 0.444254 1 5.87225e-15 -8.07435e-16 2048 
4 2.2 -1.21526 0.602105 1 0 0 4096 
4 2.2 -1.21193 0.57411 1 5.87225e-15 0 8192 
4 2.2 -1.1709 0.457849 1 5.87225e-15 8.07435e-16 512 
4 2.2 -0.984856 0.425396 1 0 0 1024 
4 2.2 -1.16068 0.544802 1 -1.17445e-14 0 2048 
4 2.2 -0.772806 0.347113 1 0 0 4096 
4 2.2 -0.903393 0.468991 1 5.87225e-15 -8.07435e-16 8192 
4 2.2 -1.06003 0.538882 1 5.87225e-15 -1.61487e-15 512 
4 2.2 -1.21092 0.586667 1 -5.87225e-15 1.61487e-15 1024 
4 2.2 -1.156 0.515054 1 1.17445e-14 -1.61487e-15 2048 
4 2.2 -1.02496 0.442303 1 -5.87225e-15 -8.07435e-16 4096 
4 2.2 -0.882902 0.0958062 1 -5.87225e-15 0 8192 
4 2.2 -0.913274 0.451564 1 5.87225e-15 -8.07435e-16 512 
4 2.2 -0.942683 0.43097 1 -5.87225e-15 -8.07435e-16 1024 
4 2.2 -0.728753 0.201505 1 5.87225e-15 0 2048 
4 2.2 -1.1561 0.532002 1 0 0 4096 
4 2.2 -1.67566 0.704384 1 -1.17445e-14 -1.61487e-15 8192 
4 2.2 -1.51999 0.624257 1 -1.17445e-14 0 512 
4 2.2 -1.7105 0.711584 1 0 0 1024 
4 2.2 -1.35614 0.564591 1 -1.17445e-14 0 2048 
4 2.2 -1.03642 0.43454 1 0 0 4096 
4 2.2 -0.895677 0.47142 1 0 8.07435e-16 8192 
4 2.2 -1.41461 0.627472 1 1.17445e-14 1.61487e-15 512 
4 2.2 -0.91883 0.143436 1 5.87225e-15 0 1024 
4 2.2 -0.642764 0.0635779 1 5.87225e-15 0 2048 
4 2.2 -1.01785 0.378313 1 0 0 4096 
4 2.2 -0.969756 0.490654 1 -5.87225e-15 0 8192 
4 2.2 -1.66193 0.731893 1 -1.17445e-14 -3.22974e-15 512 
4 2.2 -1.50024 0.641736 1 0 1.61487e-15 1024 
4 2.2 -1.28121 0.617664 1 5.87225e-15 -1.61487e-15 2048 
4 2.2 -1.18157 0.591461 1 5.87225e-15 -1.61487e-15 4096 
4 2.2 -1.2016 0.564638 1 1.17445e-14 -1.61487e-15 8192 
4 2.2 -1.2886 0.546375 1 0 0 512 
4 2.2 -1.22601 0.552643 1 1.17445e-14 0 1024 
4 2.2 -1.00235 0.482103 1 0 0 2048 
4 2.2 -1.01029 0.513832 1 0 0 4096 
4 2.2 -1.46146 0.597682 1 0 0 8192 
4 2.2 -1.12054 0.343605 1 5.87225e-15 0 512 
4 2.2 -0.980842 0.423325 1 -5.87225e-15 -8.07435e-16 1024 
4 2.2 -1.13996 0.566337 1 0 -1.61487e-15 2048 
4 2.2 -1.37464 0.569467 1 0 -1.61487e-15 4096 
4 2.2 -1.69593 0.737391 1 0 0 8192 
4 2.2 -1.49977 0.646983 1 -1.17445e-14 0 512 
4 2.2 -1.31622 0.645306 1 5.87225e-15 1.61487e-15 1024 
4 2.2 -1.84288 0.75087 1 0 0 2048 
4 2.2 -1.74193 0.739486 1 -1.17445e-14 0 4096 
4 2.2 -0.835889 0.195348 1 0 0 8192 
4 2.2 -1.25558 0.595075 1 0 -1.61487e-15 512 
4 2.2 -1.36671 0.600006 1 0 -1.61487e-15 1024 
4 2.2 -0.948383 0.499654 1 -5.87225e-15 0 2048 
4 2.2 -1.28308 0.569778 1 -1.17445e-14 0 4096 
4 2.2 -1.28763 0.638862 1 -1.17445e-14 -1.61487e-15 8192 
4 2.2 -0.999241 0.496926 1 -5.87225e-15 0 512 
4 2.2 -1.44414 0.658328 1 1.17445e-14 0 1024 
4 2.2 -1.18133 0.519767 1 0 0 2048 
4 2.2 -1.44479 0.649317 1 0 -1.61487e-15 4096 
4 2.2 -1.23559 0.608088 1 0 0 8192 
4 2.2 -1.64975 0.724666 1 1.17445e-14 -3.22974e-15 512 
4 2.2 -0.820677 0.286219 1 0 4.03717e-16 1024 
4 2.2 -1.07917 0.39561 1 0 0 2048 
4 2.2 -1.15713 0.57711 1 1.17445e-14 0 4096 
4 2.2 -1.50136 0.631294 1 0 1.61487e-15 8192 
4 2.2 -1.00789 0.437095 1 -5.87225e-15 -8.07435e-16 512 
4 2.2 -0.753195 0.360244 1 -5.87225e-15 0 1024 
4 2.2 -1.05039 0.491046 1 0 -8.07435e-16 2048 
4 2.2 -1.38392 0.665802 1 0 0 4096 
4 2.2 -1.22419 0.583596 1 5.87225e-15 -1.61487e-15 8192 
4 2.2 -1.5232 0.653141 1 1.17445e-14 0 512 
4 2.2 -1.47274 0.59783 1 0 -1.61487e-15 1024 
4 2.2 -1.20245 0.628869 1 0 -1.61487e-15 2048 
4 2.2 -1.80684 0.746078 1 0 0 4096 
4 2.2 -1.47582 0.637738 1 1.17445e-14 1.61487e-15 8192 
4 2.2 -0.900556 0.434231 1 0 -8.07435e-16 512 
4 2.2 -1.31216 0.626983 1 -1.17445e-14 0 1024 
4 2.2 -1.01781 0.549195 1 -5.87225e-15 -1.61487e-15 2048 
4 2.2 -1.83588 0.72261 1 -2.3489e-14 -3.22974e-15 4096 
4 2.2 -1.19973 0.569968 1 -1.17445e-14 0 8192 
4 2.2 -1.12631 0.584635 1 1.17445e-14 -1.61487e-15 512 
4 2.2 -1.63854 0.709382 1 0 0 1024 
4 2.2 -1.63273 0.704929 1 -1.17445e-14 1.61487e-15 2048 
4 2.2 -0.861957 0.462973 1 5.87225e-15 0 4096 
4 2.2 -1.6796 0.71439 1 0 -3.22974e-15 8192 
4 2.2 -1.08122 0.511298 1 -1.17445e-14 0 512 
4 2.2 -0.890723 0.461746 1 -5.87225e-15 8.07435e-16 1024 
4 2.2 -1.25162 0.600883 1 0 0 2048 
4 2.2 -0.696096 0.333242 1 -5.87225e-15 4.03717e-16 4096 
4 2.2 -1.27852 0.554895 1 -5.87225e-15 1.61487e-15 8192 
4 2.2 -0.985346 0.525046 1 0 0 512 
4 2.2 -0.694794 0.234987 1 5.87225e-15 0 1024 
4 2.2 -1.45534 0.579791 1 -1.17445e-14 0 2048 
4 2.2 -1.01469 0.445439 1 -5.87225e-15 0 4096 
4 2.2 -1.14252 0.550104 1 -5.87225e-15 1.61487e-15 8192 
4 2.2 -1.33883 0.565486 1 0 0 512 
4 2.2 -0.433396 0.22628 1 0 -2.01859e-16 1024 
4 2.2 -1.29681 0.65331 1 5.87225e-15 1.61487e-15 2048 
4 2.2 -1.23819 0.579698 1 -1.17445e-14 1.61487e-15 4096 
4 2.2 -1.11368 0.358788 1 1.17445e-14 0 8192 
4 2.2 -0.862805 0.328094 1 5.87225e-15 -4.03717e-16 512 
4 2.2 -0.86086 0.220732 1 5.87225e-15 -2.01859e-16 1024 
4 2.2 -1.53235 0.655893 1 0 -1.61487e-15 2048 
4 2.2 -1.49612 0.699887 1 1.17445e-14 1.61487e-15 4096 
4 2.2 -1.16089 0.50516 1 0 1.61487e-15 8192 
4 2.2 -0.99503 0.503519 1 5.87225e-15 0 512 
4 2.2 -1.40673 0.615216 1 0 1.61487e-15 1024 
4 2.2 -1.29593 0.603286 1 -5.87225e-15 -1.61487e-15 2048 
4 2.2 -1.36197 0.579073 1 -1.17445e-14 0 4096 
4 2.2 -0.893235 0.455051 1 -5.87225e-15 0 8192 
4 2.2 -1.84249 0.73749 1 -1.17445e-14 0 512 
4 2.2 -1.0029 0.52316 1 -5.87225e-15 0 1024 
4 2.2 -1.54487 0.651758 1 -1.17445e-14 -1.61487e-15 2048 
4 2.2 -0.795902 0.411701 1 5.87225e-15 0 4096 
4 2.2 -0.992623 0.364499 1 0 0 8192 
4 2.2 -1.44473 0.664399 1 1.17445e-14 0 512 
4 2.2 -0.549312 0.318824 1 0 0 1024 
4 2.2 -0.786513 0.200662 1 -5.87225e-15 0 2048 
4 2.2 -1.25785 0.538663 1 -1.17445e-14 -1.61487e-15 4096 
4 2.2 -1.4886 0.631491 1 0 1.61487e-15 8192 
4 2.2 -0.648444 0.286969 1 0 4.03717e-16 512 
4 2.2 -0.599729 0.268029 1 2.93613e-15 4.03717e-16 1024 
4 2.2 -0.845522 0.375507 1 0 8.07435e-16 2048 
4 2.2 -1.20368 0.561438 1 5.87225e-15 0 4096 
4 2.2 -0.897682 0.44013 1 0 0 8192 
4 2.2 -1.55377 0.665619 1 -1.17445e-14 0 512 
4 2.2 -1.47988 0.713456 1 1.17445e-14 0 1024 
4 2.2 -0.986748 0.46979 1 -5.87225e-15 8.07435e-16 2048 
4 2.2 -1.11656 0.376178 1 -5.87225e-15 0 4096 
4 2.2 -1.1711 0.545268 1 0 -1.61487e-15 8192 
4 2.2 -1.47244 0.61591 1 0 1.61487e-15 512 
4 2.2 -0.969813 0.335634 1 0 0 1024 
4 2.2 -1.61902 0.6762 1 -1.17445e-14 -1.61487e-15 2048 
4 2.2 -1.54284 0.674782 1 1.17445e-14 0 4096 
4 2.2 -0.828098 0.383965 1 -5.87225e-15 -8.07435e-16 8192 
4 2.2 -1.21803 0.549888 1 -5.87225e-15 -1.61487e-15 512 
4 2.2 -0.799775 0.348431 1 0 4.03717e-16 1024 
4 2.2 -1.13775 0.435086 1 -5.87225e-15 0 2048 
4 2.2 -1.07976 0.472854 1 0 0 4096 
4 2.2 -1.34323 0.607424 1 1.17445e-14 -1.61487e-15 8192 
4 2.2 -1.17388 0.532744 1 5.87225e-15 -1.61487e-15 512 
4 2.2 -1.27987 0.56032 1 1.76168e-14 0 1024 
4 2.2 -1.1516 0.527416 1 0 -1.61487e-15 2048 
4 2.2 -1.37885 0.527494 1 0 -1.61487e-15 4096 
4 2.2 -1.45315 0.612498 1 1.17445e-14 1.61487e-15 8192 
4 2.2 -1.22028 0.572362 1 5.87225e-15 -1.61487e-15 512 
4 2.2 -1.20811 0.519763 1 0 1.61487e-15 1024 
4 2.2 -1.44494 0.647049 1 -1.17445e-14 -1.61487e-15 2048 
4 2.2 -1.31838 0.511589 1 -5.87225e-15 -1.61487e-15 4096 
4 2.2 -1.36008 0.658638 1 0 -1.61487e-15 8192 
4 2.2 -0.686195 0.0757023 1 -5.87225e-15 0 512 
4 2.2 -0.964182 0.497354 1 -5.87225e-15 -8.07435e-16 1024 
4 2.2 -1.70099 0.686851 1 0 0 2048 
4 2.2 -0.655302 0.328374 1 5.87225e-15 0 4096 
4 2.2 -1.62109 0.672146 1 0 -1.61487e-15 8192 
4 2.2 -0.906168 0.294907 1 5.87225e-15 -4.03717e-16 512 
4 2.2 -1.06821 0.447724 1 0 0 1024 
4 2.2 -1.16882 0.534101 1 1.76168e-14 0 2048 
4 2.2 -1.56602 0.691487 1 -1.17445e-14 1.61487e-15 4096 
4 2.2 -1.40244 0.645003 1 -2.3489e-14 0 8192 
4 2.2 -0.937293 0.403192 1 5.87225e-15 -8.07435e-16 512 
4 2.2 -1.05297 0.549683 1 0 1.61487e-15 1024 
4 2.2 -1.0091 0.405086 1 0 8.07435e-16 2048 
4 2.2 -0.942255 0.488315 1 0 8.07435e-16 4096 
4 2.2 -1.4463 0.677559 1 0 1.61487e-15 8192 
4 2.2 -0.603449 0.421176 1 0 0 512 
4 2.2 -1.18812 0.54514 1 -5.87225e-15 0 1024 
4 2.2 -1.41834 0.653929 1 1.17445e-14 -1.61487e-15 2048 
4 2.2 -1.33977 0.59953 1 0 1.61487e-15 4096 
4 2.2 -1.48532 0.620684 1 0 0 8192 
4 2.2 -1.56524 0.677095 1 0 -1.61487e-15 512 
4 2.2 -1.56817 0.647583 1 -1.17445e-14 -1.61487e-15 1024 
4 2.2 -0.961543 0.490267 1 -5.87225e-15 0 2048 
4 2.2 -1.56271 0.666948 1 1.17445e-14 1.61487e-15 4096 
4 2.2 -1.071 0.549483 1 1.17445e-14 0 8192 
4 2.2 -1.79369 0.640007 1 0 -1.61487e-15 512 
4 2.2 -0.422392 0.106618 1 0 5.04647e-17 1024 
4 2.2 -1.4437 0.6078 1 -2.3489e-14 0 2048 
4 2.2 -1.29034 0.623641 1 5.87225e-15 1.61487e-15 4096 
4 2.2 -1.28033 0.550141 1 0 1.61487e-15 8192 
4 2.2 -1.46567 0.607976 1 -1.17445e-14 1.61487e-15 512 
4 2.2 -1.80655 0.732372 1 -1.17445e-14 -3.22974e-15 1024 
4 2.2 -0.71319 0.390839 1 5.87225e-15 8.07435e-16 2048 
4 2.2 -1.7587 0.690179 1 1.17445e-14 0 4096 
4 2.2 -1.02167 0.480446 1 5.87225e-15 0 8192 
4 2.2 -1.42134 0.544103 1 -1.17445e-14 0 512 
4 2.2 -0.879577 0.451024 1 -5.87225e-15 0 1024 
4 2.2 -1.2268 0.627456 1 -5.87225e-15 1.61487e-15 2048 
4 2.2 -1.32001 0.599426 1 -5.87225e-15 1.61487e-15 4096 
4 2.2 -0.732301 0.312425 1 5.87225e-15 0 8192 
4 2.2 -1.29491 0.449219 1 1.76168e-14 0 512 
4 2.2 -1.55371 0.690836 1 -1.17445e-14 -1.61487e-15 1024 
4 2.2 -1.49298 0.629785 1 -1.17445e-14 -1.61487e-15 2048 
4 2.2 -1.19002 0.517979 1 -1.17445e-14 1.61487e-15 4096 
4 2.2 -0.822137 0.348431 1 5.87225e-15 0 8192 
4 2.2 -1.60493 0.683265 1 0 1.61487e-15 512 
4 2.2 -0.779223 0.172729 1 0 1.00929e-16 1024 
4 2.2 -0.810151 0.369797 1 -5.87225e-15 -8.07435e-16 2048 
4 2.2 -0.903489 0.349723 1 0 -4.03717e-16 4096 
4 2.2 -1.26798 0.628774 1 -5.87225e-15 -1.61487e-15 8192 
4 2.2 -1.16717 0.560852 1 0 0 512 
4 2.2 -1.38106 0.590834 1 1.17445e-14 1.61487e-15 1024 
4 2.2 -1.05632 0.465287 1 -5.87225e-15 0 2048 
4 2.2 -1.09623 0.37306 1 -5.87225e-15 0 4096 
4 2.2 -1.08959 0.510234 1 0 0 8192 
4 2.2 -0.901406 0.343225 1 0 4.03717e-16 512 
4 2.2 -1.40175 0.430035 1 0 0 1024 
4 2.2 -1.7262 0.720871 1 1.17445e-14 -3.22974e-15 2048 
4 2.2 -1.08127 0.481152 1 1.17445e-14 8.07435e-16 4096 
4 2.2 -1.54689 0.688277 1 0 -1.61487e-15 8192 
4 2.2 -1.48592 0.644796 1 0 1.61487e-15 512 
4 2.2 -0.83949 0.440545 1 5.87225e-15 8.07435e-16 1024 
4 2.2 -0.948987 0.507596 1 0 1.61487e-15 2048 
4 2.2 -1.53639 0.671083 1 2.3489e-14 0 4096 
4 2.2 -1.47843 0.644154 1 0 0 8192 
4 2.2 -1.55493 0.637348 1 -1.17445e-14 -1.61487e-15 512 
4 2.2 -1.21367 0.44815 1 -1.17445e-14 -8.07435e-16 1024 
4 2.2 -1.14402 0.539181 1 -1.17445e-14 -1.61487e-15 2048 
4 2.2 -1.79144 0.724177 1 1.17445e-14 0 4096 
4 2.2 -1.26809 0.622914 1 1.17445e-14 1.61487e-15 8192 
4 2.2 -1.15533 0.563282 1 1.17445e-14 0 512 
4 2.2 -0.944683 0.446882 1 0 0 1024 
4 2.2 -0.81198 0.499349 1 0 -8.07435e-16 2048 
4 2.2 -1.13261 0.509788 1 5.87225e-15 0 4096 
4 2.2 -1.40317 0.61981 1 0 -1.61487e-15 8192 
4 2.2 -0.908901 0.338084 1 -5.87225e-15 0 512 
4 2.2 -1.02338 0.545142 1 -1.17445e-14 0 1024 
4 2.2 -1.48025 0.700539 1 1.17445e-14 0 2048 
4 2.2 -1.38252 0.569913 1 0 -1.61487e-15 4096 
4 2.2 -1.7654 0.69169 1 0 -1.61487e-15 8192 
4 2.2 -1.07282 0.527812 1 0 0 512 
4 2.2 -1.55235 0.6506 1 -1.17445e-14 1.61487e-15 1024 
4 2.2 -1.2675 0.550628 1 0 0 2048 
4 2.2 -1.47845 0.609673 1 0 0 4096 
4 2.2 -1.05441 0.542785 1 0 1.61487e-15 8192 
4 2.2 -1.59919 0.70027 1 -1.17445e-14 -1.61487e-15 512 
4 2.2 -0.763541 0.336452 1 -5.87225e-15 4.03717e-16 1024 
4 2.2 -1.16108 0.501535 1 -1.17445e-14 0 2048 
4 2.2 -1.16433 0.61357 1 -1.76168e-14 0 4096 
4 2.2 -1.67942 0.662843 1 -1.17445e-14 0 8192 
4 2.2 -1.42495 0.651863 1 -1.17445e-14 1.61487e-15 512 
4 2.2 -0.602011 0.203986 1 -2.93613e-15 0 1024 
4 2.2 -1.33428 0.513348 1 0 0 2048 
4 2.2 -1.57036 0.665049 1 -1.17445e-14 -1.61487e-15 4096 
4 2.2 -1.07225 0.47293 1 1.17445e-14 0 8192 
4 2.2 -0.746949 0.294994 1 0 -4.03717e-16 512 
4 2.2 -1.15726 0.554298 1 1.17445e-14 -1.61487e-15 1024 
4 2.2 -1.39717 0.569328 1 2.3489e-14 -1.61487e-15 2048 
4 2.2 -1.51758 0.689033 1 1.17445e-14 0 4096 
4 2.2 -1.00271 0.535449 1 0 1.61487e-15 8192 
4 2.2 -0.674781 0.314727 1 0 4.03717e-16 512 
4 2.2 -1.09816 0.488208 1 5.87225e-15 0 1024 
4 2.2 -1.14945 0.500502 1 0 -1.61487e-15 2048 
4 2.2 -1.60595 0.716457 1 1.17445e-14 0 4096 
4 2.2 -0.740453 0.368356 1 0 0 8192 
4 2.2 -1.2678 0.469298 1 0 -8.07435e-16 512 
4 2.2 -1.29569 0.621759 1 1.17445e-14 -1.61487e-15 1024 
4 2.2 -0.889463 0.42128 1 0 0 2048 
4 2.2 -1.73489 0.711975 1 1.17445e-14 0 4096 
4 2.2 -1.14943 0.375724 1 -5.87225e-15 8.07435e-16 8192 
4 2.2 -1.38845 0.62032 1 0 -1.61487e-15 512 
4 2.2 -0.860014 0.447016 1 0 0 1024 
4 2.2 -1.01682 0.444996 1 0 -8.07435e-16 2048 
4 2.2 -0.72898 0.361705 1 0 -8.07435e-16 4096 
4 2.2 -0.734751 0.352561 1 -5.87225e-15 0 8192 
4 2.2 -1.50004 0.61824 1 0 0 512 
4 2.2 -1.60365 0.712398 1 0 0 1024 
4 2.2 -0.856497 0.505891 1 0 0 2048 
4 2.2 -0.930534 0.35146 1 -5.87225e-15 -4.03717e-16 4096 
4 2.2 -0.884409 0.454189 1 0 0 8192 
4 2.2 -1.26912 0.592576 1 -5.87225e-15 -1.61487e-15 512 
4 2.2 -1.224 0.418765 1 5.87225e-15 0 1024 
4 2.2 -1.87314 0.744065 1 2.3489e-14 0 2048 
4 2.2 -0.802623 0.502023 1 5.87225e-15 0 4096 
4 2.2 -1.26849 0.588277 1 0 0 8192 
4 2.2 -0.905237 0.352395 1 0 4.03717e-16 512 
4 2.2 -1.16586 0.537616 1 5.87225e-15 0 1024 
4 2.2 -1.48653 0.628203 1 0 -1.61487e-15 2048 
4 2.2 -0.879224 0.354443 1 0 0 4096 
4 2.2 -0.945117 0.369467 1 0 -8.07435e-16 8192 
4 2.2 -0.938246 0.453588 1 -1.17445e-14 8.07435e-16 512 
4 2.2 -1.06748 0.426194 1 -1.17445e-14 0 1024 
4 2.2 -1.14423 0.515052 1 -1.17445e-14 -1.61487e-15 2048 
4 2.2 -1.18207 0.579682 1 -1.17445e-14 0 4096 
4 2.2 -0.974698 0.381692 1 -5.87225e-15 0 8192 
4 2.2 -1.31031 0.565428 1 5.87225e-15 1.61487e-15 512 
4 2.2 -0.953661 0.465003 1 0 0 1024 
4 2.2 -1.68867 0.719948 1 0 3.22974e-15 2048 
4 2.2 -1.2556 0.619824 1 0 -1.61487e-15 4096 
4 2.2 -1.74734 0.749504 1 -1.17445e-14 -3.22974e-15 8192 
4 2.2 -1.10175 0.533172 1 -1.17445e-14 -1.61487e-15 512 
4 2.2 -1.05538 0.484846 1 -5.87225e-15 -8.07435e-16 1024 
4 2.2 -1.93682 0.762085 1 0 -3.22974e-15 2048 
4 2.2 -1.47654 0.573613 1 1.17445e-14 0 4096 
4 2.2 -1.35185 0.600482 1 -1.17445e-14 1.61487e-15 8192 
4 2.2 -1.42511 0.642615 1 0 -1.61487e-15 512 
4 2.2 -0.932812 0.443264 1 -5.87225e-15 0 1024 
4 2.2 -0.820673 0.499211 1 0 0 2048 
4 2.2 -1.24881 0.52556 1 0 0 4096 
4 2.2 -1.47301 0.670859 1 0 -1.61487e-15 8192 
4 2.2 -1.20949 0.491924 1 5.87225e-15 0 512 
4 2.2 -1.21973 0.436439 1 5.87225e-15 0 1024 
4 2.2 -1.1855 0.551365 1 0 -1.61487e-15 2048 
4 2.2 -1.74718 0.732121 1 -1.17445e-14 0 4096 
4 2.2 -1.23212 0.470772 1 1.76168e-14 0 8192 
4 2.2 -0.806584 0.403913 1 -5.87225e-15 0 512 
4 2.2 -0.781895 0.296114 1 0 -4.03717e-16 1024 
4 2.2 -1.61592 0.655955 1 1.17445e-14 -1.61487e-15 2048 
4 2.2 -1.14489 0.536854 1 0 -1.61487e-15 4096 
4 2.2 -1.05688 0.449214 1 5.87225e-15 0 8192 
4 2.2 -0.673139 0.367651 1 5.87225e-15 -8.07435e-16 512 
4 2.2 -1.33882 0.567819 1 1.17445e-14 0 1024 
4 2.2 -0.935276 0.243755 1 -5.87225e-15 0 2048 
4 2.2 -0.916318 0.154826 1 -5.87225e-15 0 4096 
4 2.2 -0.807029 0.32853 1 -5.87225e-15 0 8192 
4 2.2 -0.880636 0.414172 1 -5.87225e-15 -8.07435e-16 512 
4 2.2 -1.37435 0.62513 1 0 -1.61487e-15 1024 
4 2.2 -1.28541 0.529861 1 0 1.61487e-15 2048 
4 2.2 -0.675171 0.252641 1 0 0 4096 
4 2.2 -1.04074 0.362998 1 0 0 8192 
4 2.2 -1.67542 0.678395 1 0 1.61487e-15 512 
4 2.2 -1.53573 0.717858 1 0 0 1024 
4 2.2 -0.531687 0.130538 1 -2.93613e-15 0 2048 
4 2.2 -0.559467 0.300268 1 2.93613e-15 -4.03717e-16 4096 
4 2.2 -0.524449 0.447962 1 2.93613e-15 0 8192 
4 2.2 -0.888214 0.439103 1 0 -8.07435e-16 512 
4 2.2 -1.3951 0.62214 1 0 -1.61487e-15 1024 
4 2.2 -1.32505 0.543311 1 -5.87225e-15 0 2048 
4 2.2 -1.32249 0.569532 1 0 1.61487e-15 4096 
4 2.2 -1.17282 0.504368 1 -5.87225e-15 0 8192 
4 2.2 -1.41135 0.648354 1 0 0 512 
4 2.2 -0.964737 0.39572 1 0 0 1024 
4 2.2 -1.601 0.721229 1 0 0 2048 
4 2.2 -0.943451 0.496947 1 0 0 4096 
4 2.2 -1.12802 0.544558 1 5.87225e-15 -1.61487e-15 8192 
4 2.2 -1.00909 0.482662 1 5.87225e-15 -8.07435e-16 512 
4 2.2 -1.58115 0.677731 1 -1.17445e-14 0 1024 
4 2.2 -1.26171 0.557761 1 5.87225e-15 0 2048 
4 2.2 -1.58337 0.728627 1 2.3489e-14 3.22974e-15 4096 
4 2.2 -1.37098 0.564454 1 0 -1.61487e-15 8192 
4 2.2 -0.622191 0.0554953 1 0 1.26162e-17 512 
4 2.2 -1.31585 0.570243 1 -5.87225e-15 1.61487e-15 1024 
4 2.2 -1.50103 0.686532 1 0 1.61487e-15 2048 
4 2.2 -1.21878 0.503898 1 -1.17445e-14 0 4096 
4 2.2 -0.906572 0.277064 1 0 0 8192 
4 2.2 -1.05065 0.49021 1 -5.87225e-15 -8.07435e-16 512 
4 2.2 -1.6306 0.674067 1 1.17445e-14 1.61487e-15 1024 
4 2.2 -1.2617 0.543781 1 -5.87225e-15 1.61487e-15 2048 
4 2.2 -1.59218 0.697752 1 0 1.61487e-15 4096 
4 2.2 -1.95175 0.781802 1 0 3.22974e-15 8192 
4 2.2 -1.11421 0.570456 1 -5.87225e-15 -1.61487e-15 512 
4 2.2 -1.26325 0.646133 1 -1.76168e-14 0 1024 
4 2.2 -1.99439 0.789686 1 -1.17445e-14 0 2048 
4 2.2 -1.45286 0.619899 1 0 1.61487e-15 4096 
4 2.2 -1.51063 0.635385 1 -2.3489e-14 0 8192 
4 2.2 -1.15592 0.521196 1 -5.87225e-15 1.61487e-15 512 
4 2.2 -0.938483 0.278087 1 0 -4.03717e-16 1024 
4 2.2 -0.98922 0.477822 1 0 8.07435e-16 2048 
4 2.2 -1.09785 0.474961 1 0 0 4096 
4 2.2 -1.40112 0.605576 1 -1.17445e-14 0 8192 
4 2.2 -1.38993 0.624241 1 0 -1.61487e-15 512 
4 2.2 -1.55235 0.602859 1 -1.17445e-14 0 1024 
4 2.2 -1.04507 0.405575 1 -1.17445e-14 0 2048 
4 2.2 -0.887783 0.242178 1 5.87225e-15 0 4096 
4 2.2 -1.20606 0.516422 1 5.87225e-15 0 8192 
4 2.2 -0.665667 0.0972425 1 2.93613e-15 0 512 
4 2.2 -1.23192 0.567653 1 0 -1.61487e-15 1024 
4 2.2 -0.938061 0.471565 1 5.87225e-15 0 2048 
4 2.2 -0.537568 0.286264 1 0 -4.03717e-16 4096 
4 2.2 -1.12123 0.507772 1 5.87225e-15 0 8192 
4 2.2 -0.819637 0.515764 1 -5.87225e-15 0 512 
4 2.2 -0.937018 0.473504 1 1.17445e-14 8.07435e-16 1024 
4 2.2 -0.754618 0.310749 1 5.87225e-15 0 2048 
4 2.2 -1.33884 0.567056 1 0 0 4096 
4 2.2 -1.45163 0.56765 1 1.17445e-14 1.61487e-15 8192 
4 2.2 -1.11089 0.528815 1 0 -1.61487e-15 512 
4 2.2 -0.606821 0.167951 1 -5.87225e-15 0 1024 
4 2.2 -0.833596 0.344044 1 0 -4.03717e-16 2048 
4 2.2 -1.43252 0.65037 1 0 1.61487e-15 4096 
4 2.2 -1.28722 0.520261 1 -5.87225e-15 -1.61487e-15 8192 
4 2.2 -1.72367 0.718033 1 -1.17445e-14 3.22974e-15 512 
4 2.2 -0.653064 0.274677 1 2.93613e-15 -4.03717e-16 1024 
4 2.2 -1.17249 0.572876 1 -1.17445e-14 0 2048 
4 2.2 -1.41349 0.607737 1 0 0 4096 
4 2.2 -0.894687 0.513588 1 0 0 8192 
4 2.2 -1.03277 0.516361 1 0 0 512 
4 2.2 -1.22152 0.576476 1 1.17445e-14 1.61487e-15 1024 
4 2.2 -1.55681 0.649003 1 0 -1.61487e-15 2048 
4 2.2 -1.39328 0.532336 1 1.17445e-14 1.61487e-15 4096 
4 2.2 -0.953286 0.442805 1 -5.87225e-15 0 8192 
4 2.2 -0.867081 0.345261 1 5.87225e-15 0 512 
4 2.2 -0.976522 0.446026 1 -5.87225e-15 0 1024 
4 2.2 -1.31412 0.537989 1 0 -1.61487e-15 2048 
4 2.2 -1.4334 0.606459 1 0 1.61487e-15 4096 
4 2.2 -0.950345 0.365432 1 5.87225e-15 0 8192 
4 2.2 -1.3756 0.610312 1 0 1.61487e-15 512 
4 2.2 -1.39153 0.609551 1 -1.17445e-14 0 1024 
4 2.2 -1.22666 0.591053 1 -5.87225e-15 -1.61487e-15 2048 
4 2.2 -1.6311 0.716123 1 0 0 4096 
4 2.2 -1.13291 0.544939 1 0 -1.61487e-15 8192 
4 2.2 -1.26762 0.635112 1 -1.17445e-14 -1.61487e-15 512 
4 2.2 -1.59914 0.664789 1 0 -1.61487e-15 1024 
4 2.2 -1.32124 0.608978 1 0 -1.61487e-15 2048 
4 2.2 -0.844345 0.39528 1 0 0 4096 
4 2.2 -0.954391 0.415232 1 0 0 8192 
4 2.2 -1.36267 0.6108 1 0 1.61487e-15 512 
4 2.2 -0.671148 0.422356 1 0 -8.07435e-16 1024 
4 2.2 -1.54093 0.681075 1 0 -1.61487e-15 2048 
4 2.2 -1.08707 0.502231 1 1.17445e-14 -1.61487e-15 4096 
4 2.2 -1.16946 0.575353 1 -5.87225e-15 0 8192 
4 2.2 -1.2064 0.493891 1 -5.87225e-15 -8.07435e-16 512 
4 2.2 -0.98962 0.35302 1 5.87225e-15 -4.03717e-16 1024 
4 2.2 -1.16845 0.562502 1 0 1.61487e-15 2048 
4 2.2 -0.956507 0.364035 1 -5.87225e-15 -8.07435e-16 4096 
4 2.2 -1.14643 0.554151 1 5.87225e-15 -1.61487e-15 8192 
4 2.2 -0.982874 0.369502 1 1.17445e-14 0 512 
4 2.2 -0.917164 0.468015 1 0 0 1024 
4 2.2 -1.23337 0.535745 1 0 -1.61487e-15 2048 
4 2.2 -1.10038 0.528004 1 0 -1.61487e-15 4096 
4 2.2 -1.73767 0.687637 1 0 1.61487e-15 8192 
4 2.2 -1.12178 0.512737 1 0 0 512 
4 2.2 -1.15048 0.531346 1 0 0 1024 
4 2.2 -0.958112 0.426808 1 0 0 2048 
4 2.2 -1.44267 0.668659 1 -1.17445e-14 -1.61487e-15 4096 
4 2.2 -1.56367 0.679682 1 -1.17445e-14 1.61487e-15 8192 
4 2.2 -1.04153 0.546829 1 5.87225e-15 -1.61487e-15 512 
4 2.2 -0.824361 0.475907 1 -5.87225e-15 8.07435e-16 1024 
4 2.2 -0.978247 0.422879 1 -5.87225e-15 0 2048 
4 2.2 -1.39701 0.66951 1 0 0 4096 
4 2.2 -1.46867 0.606805 1 -1.17445e-14 -1.61487e-15 8192 
4 2.2 -1.49334 0.645176 1 0 -1.61487e-15 512 
4 2.2 -1.21996 0.564416 1 -1.76168e-14 0 1024 
4 2.2 -0.796444 0.373368 1 5.87225e-15 0 2048 
4 2.2 -0.850073 0.396908 1 5.87225e-15 0 4096 
4 2.2 -1.45177 0.632856 1 0 -1.61487e-15 8192 
4 2.2 -1.31484 0.588518 1 -1.17445e-14 0 512 
4 2.2 -0.879109 0.485429 1 -5.87225e-15 8.07435e-16 1024 
4 2.2 -0.575992 0.331121 1 2.93613e-15 0 2048 
4 2.2 -1.0993 0.549376 1 0 0 4096 
4 2.2 -1.03563 0.494109 1 5.87225e-15 8.07435e-16 8192 
4 2.2 -0.888648 0.452106 1 -5.87225e-15 0 512 
4 2.2 -1.41594 0.662448 1 1.17445e-14 0 1024 
4 2.2 -0.863339 0.455491 1 0 0 2048 
4 2.2 -1.37238 0.630014 1 0 0 4096 
4 2.2 -0.987139 0.29907 1 -5.87225e-15 0 8192 
4 2.2 -1.14965 0.558387 1 -5.87225e-15 1.61487e-15 512 
4 2.2 -1.43808 0.591041 1 0 1.61487e-15 1024 
4 2.2 -0.637339 0.310176 1 0 4.03717e-16 2048 
4 2.2 -1.39411 0.649245 1 0 1.61487e-15 4096 
4 2.2 -0.767795 0.285053 1 5.87225e-15 -4.03717e-16 8192 
4 2.2 -1.15272 0.530407 1 0 0 512 
4 2.2 -1.56583 0.655755 1 0 -1.61487e-15 1024 
4 2.2 -1.70406 0.706358 1 1.17445e-14 1.61487e-15 2048 
4 2.2 -1.5143 0.665873 1 0 -1.61487e-15 4096 
4 2.2 -1.12825 0.423973 1 -5.87225e-15 0 8192 
4 2.2 -1.00492 0.445547 1 0 8.07435e-16 512 
4 2.2 -1.44311 0.580388 1 1.17445e-14 0 1024 
4 2.2 -0.714449 0.221121 1 -5.87225e-15 -2.01859e-16 2048 
4 2.2 -0.702287 0.29845 1 -5.87225e-15 0 4096 
4 2.2 -1.50985 0.648094 1 -1.17445e-14 0 8192 
4 2.2 -1.31451 0.635552 1 0 0 512 
4 2.2 -0.91228 0.399401 1 0 0 1024 
4 2.2 -0.898318 0.481935 1 0 0 2048 
4 2.2 -0.919795 0.365149 1 0 0 4096 
4 2.2 -1.4877 0.660291 1 -1.17445e-14 0 8192 
4 2.2 -1.45938 0.675017 1 1.17445e-14 0 512 
4 2.2 -0.896172 0.365443 1 0 0 1024 
4 2.2 -1.13584 0.589982 1 0 -1.61487e-15 2048 
4 2.2 -1.40491 0.542139 1 0 0 4096 
4 2.2 -0.666799 0.365046 1 5.87225e-15 0 8192 
4 2.2 -1.73568 0.704531 1 1.17445e-14 0 512 
4 2.2 -1.50042 0.629912 1 -1.17445e-14 0 1024 
4 2.2 -0.82203 0.0824648 1 -5.87225e-15 0 2048 
4 2.2 -1.58714 0.689623 1 1.17445e-14 -1.61487e-15 4096 
4 2.2 -1.87415 0.760284 1 0 0 8192 
4 2.2 -1.4021 0.607377 1 1.17445e-14 1.61487e-15 512 
4 2.2 -1.20731 0.536912 1 5.87225e-15 0 1024 
4 2.2 -1.2314 0.568997 1 -5.87225e-15 1.61487e-15 2048 
4 2.2 -1.35685 0.584634 1 -1.17445e-14 -1.61487e-15 4096 
4 2.2 -0.801485 0.431715 1 0 0 8192 
4 2.2 -1.6761 0.690267 1 1.17445e-14 -1.61487e-15 512 
4 2.2 -1.1186 0.480496 1 0 -8.07435e-16 1024 
4 2.2 -1.24676 0.567309 1 1.76168e-14 1.61487e-15 2048 
4 2.2 -1.43792 0.627373 1 1.17445e-14 1.61487e-15 4096 
4 2.2 -1.09249 0.542331 1 0 0 8192 
4 2.2 -1.33767 0.5652 1 0 0 512 
4 2.2 -1.05268 0.495416 1 1.17445e-14 -8.07435e-16 1024 
4 2.2 -0.973184 0.381944 1 5.87225e-15 8.07435e-16 2048 
4 2.2 -1.79497 0.715462 1 0 0 4096 
4 2.2 -1.1489 0.478926 1 0 0 8192 
4 2.2 -0.966331 0.343617 1 -5.87225e-15 0 16384 
4 2.2 -1.42685 0.607401 1 -1.17445e-14 1.61487e-15 32768 
4 2.2 -1.06677 0.436074 1 0 0 16384 
4 2.2 -1.27079 0.642795 1 1.17445e-14 0 32768 
4 2.2 -1.15681 0.560829 1 -5.87225e-15 1.61487e-15 16384 
4 2.2 -1.2096 0.54988 1 5.87225e-15 -1.61487e-15 32768 
4 2.2 -1.4023 0.646045 1 -1.17445e-14 -1.61487e-15 16384 
4 2.2 -0.865382 0.378396 1 0 0 32768 
4 2.2 -0.971721 0.42457 1 -5.87225e-15 0 16384 
4 2.2 -1.5638 0.664886 1 0 1.61487e-15 32768 
4 2.2 -0.600706 0.304306 1 2.93613e-15 -4.03717e-16 16384 
4 2.2 -1.53595 0.67581 1 2.3489e-14 1.61487e-15 32768 
4 2.2 -1.40978 0.650722 1 0 -1.61487e-15 16384 
4 2.2 -0.82057 0.49053 1 -5.87225e-15 0 32768 
4 2.2 -0.906408 0.405198 1 0 0 16384 
4 2.2 -1.09391 0.46466 1 0 0 32768 
4 2.2 -1.19007 0.533897 1 0 0 16384 
4 2.2 -1.00809 0.427955 1 1.76168e-14 8.07435e-16 32768 
4 2.2 -0.793725 0.278458 1 5.87225e-15 -4.03717e-16 16384 
4 2.2 -1.04689 0.413927 1 0 0 32768 
4 2.2 -2.00767 0.755972 1 -2.3489e-14 -3.22974e-15 16384 
4 2.2 -1.25493 0.504117 1 0 -1.61487e-15 32768 
4 2.2 -1.13296 0.547553 1 0 1.61487e-15 16384 
4 2.2 -1.49361 0.599985 1 -1.17445e-14 -1.61487e-15 32768 
4 2.2 -1.46966 0.687622 1 0 0 16384 
4 2.2 -1.31247 0.676341 1 0 1.61487e-15 32768 
4 2.2 -0.95369 0.441164 1 0 0 16384 
4 2.2 -1.04742 0.558791 1 0 0 32768 
4 2.2 -1.33216 0.598288 1 5.87225e-15 0 16384 
4 2.2 -1.10157 0.42189 1 5.87225e-15 0 32768 
4 2.2 -1.60338 0.673454 1 1.17445e-14 0 16384 
4 2.2 -1.2448 0.596147 1 5.87225e-15 1.61487e-15 32768 
4 2.2 -1.83201 0.709007 1 -1.17445e-14 3.22974e-15 16384 
4 2.2 -0.792673 0.303797 1 0 4.03717e-16 32768 
4 2.2 -1.54151 0.630703 1 -1.17445e-14 -1.61487e-15 16384 
4 2.2 -0.871556 0.496507 1 0 0 32768 
4 2.2 -0.90665 0.407982 1 0 0 16384 
4 2.2 -1.34898 0.545785 1 0 0 32768 
4 2.2 -1.62977 0.71355 1 -1.17445e-14 0 16384 
4 2.2 -1.20007 0.565757 1 0 -1.61487e-15 32768 
4 2.2 -1.47111 0.60161 1 1.17445e-14 1.61487e-15 16384 
4 2.2 -0.983306 0.467354 1 5.87225e-15 0 32768 
4 2.2 -1.37496 0.653941 1 -1.17445e-14 1.61487e-15 16384 
4 2.2 -1.07854 0.536564 1 0 0 32768 
4 2.2 -1.80957 0.755283 1 1.17445e-14 0 16384 
4 2.2 -0.794504 0.432655 1 5.87225e-15 0 32768 
4 2.2 -1.23925 0.58977 1 0 -1.61487e-15 16384 
4 2.2 -1.05435 0.50368 1 0 0 32768 
4 2.2 -1.60065 0.709483 1 1.17445e-14 3.22974e-15 16384 
4 2.2 -1.49152 0.661019 1 -1.17445e-14 -1.61487e-15 32768 
4 2.2 -1.42712 0.619405 1 1.17445e-14 1.61487e-15 16384 
4 2.2 -1.73825 0.747445 1 -1.17445e-14 0 32768 
4 2.2 -1.63643 0.715064 1 0 0 16384 
4 2.2 -1.4088 0.659659 1 1.17445e-14 0 32768 
4 2.2 -1.13468 0.514504 1 0 0 16384 
4 2.2 -1.01781 0.484553 1 -5.87225e-15 -8.07435e-16 32768 
4 2.2 -1.42969 0.637489 1 0 1.61487e-15 16384 
4 2.2 -1.34557 0.625917 1 0 -1.61487e-15 32768 
4 2.2 -0.888003 0.41329 1 -1.17445e-14 8.07435e-16 16384 
4 2.2 -1.09993 0.505622 1 5.87225e-15 1.61487e-15 32768 
4 2.2 -1.57445 0.69325 1 1.17445e-14 -1.61487e-15 16384 
4 2.2 -1.34593 0.622721 1 -1.17445e-14 0 32768 
4 2.2 -1.29146 0.556199 1 -5.87225e-15 0 16384 
4 2.2 -0.857776 0.404636 1 5.87225e-15 0 32768 
4 2.2 -1.50803 0.668492 1 1.17445e-14 -1.61487e-15 16384 
4 2.2 -1.62101 0.710724 1 0 -3.22974e-15 32768 
4 2.2 -0.679368 0.376314 1 0 0 16384 
4 2.2 -0.965704 0.450143 1 0 0 32768 
4 2.2 -1.25525 0.56283 1 5.87225e-15 0 16384 
4 2.2 -1.40073 0.584371 1 -1.17445e-14 -1.61487e-15 32768 
4 2.2 -1.27473 0.541785 1 -1.17445e-14 1.61487e-15 16384 
4 2.2 -1.25931 0.628927 1 -5.87225e-15 -1.61487e-15 32768 
4 2.2 -1.05114 0.538211 1 -5.87225e-15 1.61487e-15 16384 
4 2.2 -0.63522 0.332921 1 0 4.03717e-16 32768 
4 2.2 -1.10663 0.466828 1 -1.17445e-14 -8.07435e-16 16384 
4 2.2 -1.04265 0.464575 1 0 8.07435e-16 32768 
4 2.2 -1.02576 0.510906 1 0 0 16384 
4 2.2 -0.994708 0.506848 1 5.87225e-15 1.61487e-15 32768 
4 2.2 -0.904876 0.450369 1 5.87225e-15 0 16384 
4 2.2 -0.669495 0.341378 1 5.87225e-15 0 32768 
4 2.2 -1.31747 0.514441 1 -5.87225e-15 1.61487e-15 16384 
4 2.2 -1.8467 0.713413 1 0 0 32768 
4 2.2 -1.01233 0.454554 1 5.87225e-15 -8.07435e-16 16384 
4 2.2 -0.684221 0.271429 1 0 4.03717e-16 32768 
4 2.2 -0.609459 0.365678 1 -5.87225e-15 0 16384 
4 2.2 -1.2715 0.57666 1 -5.87225e-15 1.61487e-15 32768 
4 2.2 -0.94338 0.46322 1 -5.87225e-15 8.07435e-16 16384 
4 2.2 -1.36507 0.63163 1 -1.17445e-14 -1.61487e-15 32768 
4 2.2 -1.37748 0.634795 1 -1.17445e-14 1.61487e-15 16384 
4 2.2 -1.42881 0.535074 1 0 -1.61487e-15 32768 
4 2.2 -1.24646 0.586422 1 0 -1.61487e-15 16384 
4 2.2 -1.24758 0.491087 1 0 0 32768 
4 2.2 -1.01996 0.412254 1 0 0 16384 
4 2.2 -2.02504 0.776809 1 0 -3.22974e-15 32768 
4 2.2 -1.17006 0.525646 1 5.87225e-15 1.61487e-15 16384 
4 2.2 -1.14906 0.506501 1 -5.87225e-15 1.61487e-15 32768 
4 2.2 -1.35202 0.633959 1 -1.17445e-14 1.61487e-15 16384 
4 2.2 -1.94541 0.753987 1 0 0 32768 
4 2.2 -1.22218 0.531885 1 5.87225e-15 0 16384 
4 2.2 -1.25554 0.582735 1 1.17445e-14 0 32768 
4 2.2 -1.05797 0.48741 1 5.87225e-15 0 16384 
4 2.2 -1.23474 0.525327 1 -1.17445e-14 1.61487e-15 32768 
4 2.2 -1.19737 0.49104 1 -5.87225e-15 8.07435e-16 16384 
4 2.2 -1.22651 0.563748 1 5.87225e-15 0 32768 
4 2.2 -0.738647 0.180299 1 -5.87225e-15 0 16384 
4 2.2 -1.68796 0.739892 1 0 3.22974e-15 32768 
4 2.2 -0.879811 0.274227 1 0 4.03717e-16 16384 
4 2.2 -1.00926 0.400646 1 0 -8.07435e-16 32768 
4 2.2 -1.75159 0.69931 1 0 -1.61487e-15 16384 
4 2.2 -1.07516 0.360816 1 -5.87225e-15 0 32768 
4 2.2 -1.00626 0.448914 1 0 0 16384 
4 2.2 -1.48341 0.615746 1 0 -1.61487e-15 32768 
4 2.2 -0.429506 0.161967 1 0 1.00929e-16 16384 
4 2.2 -1.50308 0.652662 1 1.17445e-14 1.61487e-15 32768 
4 2.2 -0.906502 0.299714 1 5.87225e-15 0 16384 
4 2.2 -1.66773 0.70468 1 0 0 32768 
4 2.2 -1.37521 0.627982 1 0 -1.61487e-15 16384 
4 2.2 -1.02661 0.488472 1 -5.87225e-15 8.07435e-16 32768 
4 2.2 -1.43522 0.679114 1 1.17445e-14 0 16384 
4 2.2 -1.32523 0.633201 1 -5.87225e-15 0 32768 
4 2.2 -1.2158 0.536385 1 0 0 16384 
4 2.2 -1.15961 0.522004 1 -5.87225e-15 1.61487e-15 32768 
4 2.2 -1.12547 0.548105 1 5.87225e-15 1.61487e-15 16384 
4 2.2 -1.54794 0.697728 1 2.3489e-14 -1.61487e-15 32768 
4 2.2 -1.3552 0.597873 1 -1.17445e-14 0 16384 
4 2.2 -1.26873 0.59558 1 -5.87225e-15 0 32768 
4 2.2 -0.922581 0.418182 1 -5.87225e-15 0 16384 
4 2.2 -0.516404 0.198739 1 2.93613e-15 0 32768 
4 2.2 -1.70303 0.691998 1 -1.17445e-14 1.61487e-15 16384 
4 2.2 -1.24859 0.567504 1 0 1.61487e-15 32768 
4 2.2 -1.57945 0.724963 1 1.17445e-14 3.22974e-15 16384 
4 2.2 -1.55633 0.646677 1 1.17445e-14 -1.61487e-15 32768 
4 2.2 -1.7313 0.603696 1 0 -1.61487e-15 16384 
4 2.2 -0.926052 0.472923 1 0 0 32768 
4 2.2 -1.64448 0.668482 1 0 0 16384 
4 2.2 -1.81451 0.737688 1 1.17445e-14 0 32768 
4 2.2 -1.51217 0.623093 1 0 0 16384 
4 2.2 -1.23692 0.635198 1 0 1.61487e-15 32768 
4 2.2 -0.960787 0.447819 1 0 8.07435e-16 16384 
4 2.2 -1.11816 0.502924 1 0 0 32768 
4 2.2 -1.2473 0.630708 1 5.87225e-15 0 16384 
4 2.2 -0.776974 0.271094 1 5.87225e-15 -4.03717e-16 32768 
4 2.2 -1.65768 0.62619 1 1.17445e-14 -1.61487e-15 16384 
4 2.2 -1.15879 0.579425 1 5.87225e-15 -1.61487e-15 32768 
4 2.2 -1.16295 0.501576 1 -1.17445e-14 -1.61487e-15 16384 
4 2.2 -0.45608 0.177442 1 0 0 32768 
4 2.2 -1.14845 0.535382 1 0 0 16384 
4 2.2 -1.59132 0.602853 1 1.17445e-14 0 32768 
4 2.2 -1.85465 0.733652 1 1.17445e-14 0 16384 
4 2.2 -1.18971 0.543342 1 -5.87225e-15 0 32768 
4 2.2 -1.40265 0.537897 1 0 1.61487e-15 16384 
4 2.2 -0.645459 0.309684 1 0 -4.03717e-16 32768 
4 2.2 -1.59453 0.672148 1 0 0 16384 
4 2.2 -1.22776 0.580231 1 -5.87225e-15 0 32768 
4 2.2 -1.54153 0.68549 1 -1.17445e-14 1.61487e-15 16384 
4 2.2 -1.3773 0.628553 1 0 -1.61487e-15 32768 
4 2.2 -0.488082 0.213881 1 2.93613e-15 2.01859e-16 16384 
4 2.2 -1.53309 0.633482 1 1.17445e-14 1.61487e-15 32768 
4 2.2 -0.799175 0.191999 1 0 2.01859e-16 16384 
4 2.2 -0.956151 0.469134 1 5.87225e-15 -8.07435e-16 32768 
4 2.2 -0.913025 0.319517 1 0 -4.03717e-16 16384 
4 2.2 -1.15687 0.493118 1 5.87225e-15 0 32768 
4 2.2 -1.10069 0.466506 1 -5.87225e-15 0 16384 
4 2.2 -1.17745 0.514455 1 5.87225e-15 0 32768 
4 2.2 -1.09485 0.537676 1 -5.87225e-15 1.61487e-15 16384 
4 2.2 -1.37291 0.656515 1 -1.17445e-14 1.61487e-15 32768 
4 2.2 -0.43841 0.102905 1 0 0 16384 
4 2.2 -1.26005 0.546886 1 0 0 32768 
4 2.2 -1.32624 0.605743 1 0 -1.61487e-15 16384 
4 2.2 -1.00425 0.546059 1 -5.87225e-15 0 32768 
4 2.2 -0.734294 0.211365 1 5.87225e-15 2.01859e-16 16384 
4 2.2 -1.52639 0.656969 1 0 1.61487e-15 32768 
4 2.2 -1.63499 0.701001 1 -1.17445e-14 1.61487e-15 16384 
4 2.2 -1.24505 0.547082 1 -5.87225e-15 0 32768 
4 2.2 -0.602753 0.303474 1 2.93613e-15 4.03717e-16 16384 
4 2.2 -1.144 0.535525 1 0 1.61487e-15 32768 
4 2.2 -0.283371 0.219513 1 0 0 16384 
4 2.2 -1.12394 0.529038 1 0 1.61487e-15 32768 
4 2.2 -1.25991 0.602947 1 -1.76168e-14 -1.61487e-15 16384 
4 2.2 -1.31247 0.594207 1 0 0 32768 
4 2.2 -0.960265 0.30548 1 -5.87225e-15 4.03717e-16 16384 
4 2.2 -1.14106 0.505387 1 0 0 32768 
4 2.2 -1.33215 0.648675 1 -5.87225e-15 0 16384 
4 2.2 -0.998517 0.499399 1 5.87225e-15 0 32768 
4 2.2 -0.89476 0.437786 1 0 -8.07435e-16 16384 
4 2.2 -1.02278 0.474129 1 0 8.07435e-16 32768 
4 2.2 -0.88131 0.491997 1 0 -8.07435e-16 16384 
4 2.2 -1.10163 0.506859 1 5.87225e-15 0 32768 
4 2.2 -1.17175 0.506379 1 0 0 16384 
4 2.2 -1.12253 0.478011 1 0 0 32768 
4 2.2 -0.817484 0.390467 1 0 0 16384 
4 2.2 -1.50306 0.641031 1 0 1.61487e-15 32768 
4 2.2 -1.34396 0.540054 1 0 0 16384 
4 2.2 -1.26566 0.592554 1 -5.87225e-15 0 32768 
4 2.2 -1.14289 0.523825 1 5.87225e-15 0 16384 
4 2.2 -1.52208 0.620647 1 0 1.61487e-15 32768 
4 2.2 -1.82309 0.753376 1 1.17445e-14 0 16384 
4 2.2 -1.15704 0.548199 1 0 0 32768 
4 2.2 -1.46532 0.610761 1 1.17445e-14 0 16384 
4 2.2 -1.36144 0.615809 1 1.17445e-14 -1.61487e-15 32768 
4 2.2 -0.93211 0.255165 1 5.87225e-15 -4.03717e-16 65536 
4 2.2 -0.838444 0.292902 1 0 4.03717e-16 131072 
4 2.2 -1.21033 0.489367 1 -5.87225e-15 0 65536 
4 2.2 -1.46025 0.649915 1 -2.3489e-14 1.61487e-15 131072 
4 2.2 -1.58783 0.603133 1 1.17445e-14 0 65536 
4 2.2 -1.51691 0.619103 1 -1.17445e-14 -1.61487e-15 131072 
4 2.2 -1.70647 0.71879 1 0 0 65536 
4 2.2 -1.88818 0.744254 1 0 0 131072 
4 2.2 -1.34675 0.58398 1 0 0 65536 
4 2.2 -1.12505 0.585124 1 1.76168e-14 1.61487e-15 131072 
4 2.2 -0.940265 0.287189 1 -5.87225e-15 4.03717e-16 65536 
4 2.2 -0.949404 0.48733 1 -1.17445e-14 0 65536 
4 2.2 -1.47611 0.680718 1 0 1.61487e-15 131072 
4 2.2 -0.863929 0.481022 1 0 8.07435e-16 262144 
4 2.2 -0.730216 0.333939 1 5.87225e-15 0 524288 
4 2.2 -1.47524 0.624368 1 -1.17445e-14 1.61487e-15 1.04858e+06 
4 2.2 -1.13249 0.471899 1 5.87225e-15 8.07435e-16 65536 
4 2.2 -1.4832 0.651782 1 1.17445e-14 -1.61487e-15 131072 
4 2.2 -0.977997 0.407317 1 0 0 262144 
4 2.2 -1.5607 0.621842 1 -1.17445e-14 -1.61487e-15 524288 
4 2.2 -1.19014 0.438404 1 0 0 1.04858e+06 
4 2.2 -1.53689 0.656601 1 1.17445e-14 1.61487e-15 65536 
4 2.2 -1.49918 0.634862 1 1.17445e-14 1.61487e-15 131072 
4 2.2 -0.868714 0.371738 1 5.87225e-15 0 262144 
4 2.2 -1.19084 0.557381 1 0 1.61487e-15 524288 
4 2.2 -1.57738 0.639786 1 -1.17445e-14 -1.61487e-15 1.04858e+06 
4 2.2 -1.14197 0.621781 1 1.17445e-14 -1.61487e-15 65536 
4 2.2 -2.0069 0.784835 1 0 0 131072 
4 2.2 -0.822034 0.358028 1 0 0 262144 
4 2.2 -0.972808 0.382136 1 -5.87225e-15 0 524288 
4 2.2 -1.81816 0.747609 1 -1.17445e-14 0 1.04858e+06 
4 2.2 -1.59393 0.711522 1 -1.17445e-14 0 65536 
4 2.2 -1.38551 0.663729 1 0 -1.61487e-15 131072 
4 2.2 -1.466 0.616623 1 0 0 262144 
4 2.2 -1.25391 0.624732 1 0 -1.61487e-15 524288 
4 2.2 -1.46384 0.672705 1 1.17445e-14 0 1.04858e+06 
4 2.2 -0.758293 0.286493 1 -5.87225e-15 -4.03717e-16 65536 
4 2.2 -1.37101 0.591579 1 0 0 131072 
4 2.2 -1.04754 0.373353 1 0 0 262144 
4 2.2 -0.702086 0.294987 1 5.87225e-15 0 524288 
