    1.8000        1.0097945661        0.0002638916         100
    1.9000        1.0166734134        0.0004184670         100
    2.0000        1.0325141701        0.0005785383         100
    2.1000        1.0789825344        0.0009800564         100
    2.2000        1.2212999096        0.0020220585         200
    2.2010        1.2234329264        0.0019741155         200
    2.2020        1.2255791384        0.0019263623         200
    2.2030        1.2277384469        0.0018788064         200
    2.2040        1.2299107352        0.0018648947         200
    2.2050        1.2320958715        0.0018513907         200
    2.2060        1.2342937413        0.0018383120         200
    2.2070        1.2365042158        0.0018256773         200
    2.2080        1.2387271656        0.0018135076         200
    2.2090        1.2409624661        0.0018018248         200
    2.2100        1.2432099612        0.0017906543         200
    2.2110        1.2454695294        0.0017800241         200
    2.2120        1.2477410164        0.0017699616         200
    2.2130        1.2500242777        0.0017605009         200
    2.2140        1.2523191730        0.0017516746         200
    2.2150        1.2546255562        0.0017435227         200
    2.2160        1.2569432492        0.0017360840         200
    2.2170        1.2592721043        0.0017294022         200
    2.2180        1.2616119573        0.0017235247         200
    2.2190        1.2639626511        0.0017185008         200
    2.2200        1.2663240072        0.0017143833         200
    2.3000        1.4729130464        0.0041402955         100
    2.4000        1.6874915112        0.0060241192         100
    2.5000        1.8107712812        0.0051017994         100
