    1.8000        1.0019658224        0.0001322837          94
    1.9000        1.0033894146        0.0001674757          94
    2.0000        1.0070589182        0.0003289273          94
    2.1000        1.0221754307        0.0005893985          94
    2.2000        1.2221489328        0.0024722910         200
    2.2010        1.2281030685        0.0022923190         200
    2.2020        1.2341650525        0.0021131500         200
    2.2030        1.2403325615        0.0019350178         200
    2.2040        1.2466030568        0.0018766921         200
    2.2050        1.2529737796        0.0018223946         200
    2.2060        1.2594417467        0.0017731485         200
    2.2070        1.2660037831        0.0017303802         200
    2.2080        1.2726565085        0.0016960500         200
    2.2090        1.2793963605        0.0016727837         200
    2.2100        1.2862195805        0.0016639053         200
    2.2110        1.2931222606        0.0016732186         200
    2.2120        1.3001003210        0.0017043465         200
    2.2130        1.3071495329        0.0017597479         200
    2.2140        1.3142655449        0.0018399931         200
    2.2150        1.3214438689        0.0019438915         200
    2.2160        1.3286799149        0.0020693163         200
    2.2170        1.3359690102        0.0022140503         200
    2.2180        1.3433063725        0.0023762354         200
    2.2190        1.3506871897        0.0025544568         200
    2.2200        1.3581065442        0.0027476557         200
    2.3000        1.8102171637        0.0085461523          94
    2.4000        1.9382863250        0.0111318097          94
    2.5000        1.9727928019        0.0127148091          94
