    1.8000        1.0400437578        0.0005478571         100
    1.9000        1.0608561902        0.0006907501         100
    2.0000        1.0940671104        0.0008980475         100
    2.1000        1.1432516704        0.0012325099         100
    2.2000        1.2104576398        0.0018036514         200
    2.2010        1.2112069907        0.0017881424         200
    2.2020        1.2119577230        0.0017726527         200
    2.2030        1.2127098453        0.0017571798         200
    2.2040        1.2134633543        0.0017513857         200
    2.2050        1.2142182144        0.0017456138         200
    2.2060        1.2149744502        0.0017398657         200
    2.2070        1.2157320281        0.0017341411         200
    2.2080        1.2164909608        0.0017284401         200
    2.2090        1.2172512479        0.0017227618         200
    2.2100        1.2180128516        0.0017171083         200
    2.2110        1.2187757977        0.0017114792         200
    2.2120        1.2195400610        0.0017058743         200
    2.2130        1.2203056279        0.0017002949         200
    2.2140        1.2210725088        0.0016947404         200
    2.2150        1.2218406984        0.0016892123         200
    2.2160        1.2226101753        0.0016837097         200
    2.2170        1.2233809381        0.0016782336         200
    2.2180        1.2241529855        0.0016727845         200
    2.2190        1.2249262971        0.0016673622         200
    2.2200        1.2257008822        0.0016619674         200
    2.3000        1.2902958668        0.0019268720         100
    2.4000        1.3759379400        0.0021837084         100
    2.5000        1.4603284902        0.0025859961         100
