   1.7000000000000000        1.0000579200000002        4.3110478346018292E-007           5
   1.7500000000000000        1.0000700400000000        5.2658266457449880E-007           5
   1.8000000000000000        1.0000852599999999        4.7716300976723580E-007           5
   1.8500000000000001        1.0001070400000001        9.7595211833696750E-007           5
   1.8999999999999999        1.0001366200000001        5.4575693586654211E-007           5
   1.9500000000000000        1.0001842200000002        6.7783087603831879E-007           5
   2.0000000000000000        1.0002678400000000        2.7741064014223968E-006           5
   2.0499999999999998        1.0004273000000001        3.5769181375233148E-006           5
   2.1000000000000001        1.0008336400000002        6.2709142862703008E-006           5
   2.1499999999999999        1.0025602800000000        9.8977770673561759E-006           5
   2.1980000000000000        1.1043358289473684        3.4833320395732123E-004          38
   2.1989999999999998        1.1301345868421053        3.3053528051218018E-004          38
   2.2000000000000002        1.1618581023255814        4.3011757703465448E-004          43
   2.2010000000000001        1.2014086447368424        3.9461333648709674E-004          38
   2.2020000000000000        1.2476173526315788        5.5161129700595935E-004          38
   2.2029999999999998        1.3000447421052632        7.7324401132415523E-004          38
   2.2040000000000002        1.3569529236842106        1.0935290205925949E-003          38
   2.2050000000000001        1.4159306052631575        1.6806286535355256E-003          38
   2.2060000000000000        1.4742358000000000        2.7533237195019405E-003          38
   2.2069999999999999        1.5291125684210527        4.4678463106343240E-003          38
   2.2080000000000002        1.5780286210526320        6.9581860301192273E-003          38
   2.2090000000000001        1.6188475289473687        1.0391805009036584E-002          38
   2.2100000000000000        1.6499401105263158        1.4899009707617157E-002          38
   2.2109999999999999        1.6704354210526320        2.0562568049436753E-002          38
   2.2120000000000002        1.6808072473684212        2.7559962748190728E-002          38
   2.2130000000000001        1.6831047605263161        3.5934880459645283E-002          38
   2.2140000000000000        1.6800761552631578        4.5209046413886504E-002          38
   2.2149999999999999        1.6739853368421054        5.4593978508896364E-002          38
   2.2160000000000002        1.6661878763157896        6.3421633627381221E-002          38
   2.2170000000000001        1.6573509947368419        7.1290487836180472E-002          38
   2.2180000000000000        1.6477801710526314        7.8013403013035845E-002          38
   2.2189999999999999        1.6376266000000002        8.3537164872589789E-002          38
   2.2200000000000002        1.6269846473684211        8.7886569423219540E-002          38
   2.2500000000000000        1.9748172400000001        1.8070409905090914E-002           5
   2.2999999999999998        1.9964611600000002        1.6064624369522947E-002           5
   2.3500000000000001        1.9661557400000000        2.7207733551848409E-002           5
   2.3999999999999999        2.0158079599999996        2.0509086888715534E-002           5
   2.4500000000000002        2.0697489400000002        3.3925862682624319E-002           5
   2.5000000000000000        1.9645985800000001        1.3912523645445594E-002           5
   2.5499999999999998        2.0229288199999997        1.9774572461269582E-002           5
   2.6000000000000001        2.0331283000000000        3.4405115743856587E-002           5
   2.6499999999999999        2.0340321000000001        1.0545981935314211E-002           5
   2.7000000000000002        1.9732776000000001        2.3611450301890373E-003           5
