   1.7000000000000000        8.8162906666666672        6.8738307547559167E-004          60
   1.7500000000000000        8.3598273333333317        7.5646476288033181E-004          60
   1.8000000000000000        7.8660963333333314        9.5658390970519648E-004          60
   1.8500000000000001        7.3275475000000005        1.2576818539254970E-003          60
   1.8999999999999999        6.7371191666666652        1.2903052888936235E-003          60
   1.9500000000000000        6.0842349999999978        1.4406801924847150E-003          60
   2.0000000000000000        5.3596871666666663        1.6282032206247955E-003          60
   2.0499999999999998        4.5406298333333321        1.9908695823893786E-003          60
   2.1000000000000001        3.5962971666666665        2.6149123853123086E-003          60
   2.1499999999999999        2.4587516666666658        3.5531832063967202E-003          60
   2.1980000000000000        1.2056072999999996        3.8393306886885829E-003         100
   2.1989999999999998        1.1808111000000003        3.8969972719898709E-003         100
   2.2000000000000002        1.1553386875000002        3.1523909974732929E-003         160
   2.2010000000000001        1.1318763999999997        4.0318700959241392E-003         100
   2.2020000000000000        1.1077580999999999        4.1087488939953809E-003         100
   2.2029999999999998        1.0838861000000000        4.1918394450290771E-003         100
   2.2040000000000002        1.0602684400000006        4.2809677421175819E-003         100
   2.2050000000000001        1.0369154299999999        4.3763491527590414E-003         100
   2.2060000000000000        1.0138356299999998        4.4777527479014445E-003         100
   2.2069999999999999       0.99103668999999972        4.5853092838478412E-003         100
   2.2080000000000002       0.96852642000000022        4.6990572644557659E-003         100
   2.2090000000000001       0.94631259000000001        4.8190994907575070E-003         100
   2.2100000000000000       0.92440237999999975        4.9455838645159197E-003         100
   2.2109999999999999       0.90280198999999972        5.0787140582536656E-003         100
   2.2120000000000002       0.88151728000000007        5.2185731745962435E-003         100
   2.2130000000000001       0.86055405000000007        5.3654747444258641E-003         100
   2.2140000000000000       0.83991700999999996        5.5196080929809273E-003         100
   2.2149999999999999       0.81961083000000012        5.6812768716553138E-003         100
   2.2160000000000002       0.79963953000000032        5.8507920070949813E-003         100
   2.2170000000000001       0.78000648999999955        6.0284773179393172E-003         100
   2.2180000000000000       0.76071470000000030        6.2147003049297846E-003         100
   2.2189999999999999       0.74176677999999996        6.4098408233058072E-003         100
   2.2200000000000002       0.72316469000000017        6.6143149727794668E-003         100
   2.2500000000000000       0.33133004999999999        6.3377683214916576E-003          60
   2.2999999999999998        8.9161540176666651E-002   6.4721435020600911E-003          60
   2.3500000000000001        3.8601295666666660E-002   7.5671408497549435E-003          60
   2.3999999999999999        1.4118034916666664E-002   6.6937312776912316E-003          60
   2.4500000000000002        6.0773660000000007E-003   7.3732346494279647E-003          60
   2.5000000000000000       -1.5333653333333345E-003   5.6194533472674812E-003          60
   2.5499999999999998        4.0396345000000009E-003   6.5194427841661880E-003          60
   2.6000000000000001       -7.7272783333332567E-005   5.2441534088300710E-003          60
   2.6499999999999999       -1.3075661666666642E-003   5.5557006390855425E-003          60
   2.7000000000000002        2.6127770833333343E-003   5.7180938792212605E-003          60
