   1.7000000000000000        17.622789999999998        2.3433619027282337E-003          20
   1.7500000000000000        16.706619999999997        2.1715501385348290E-003          20
   1.8000000000000000        15.715215000000001        3.1474376481867915E-003          20
   1.8500000000000001        14.631750000000002        3.8338981462391680E-003          20
   1.8999999999999999        13.442899999999998        4.6905649983286900E-003          20
   1.9500000000000000        12.134625000000000        6.0323290485794854E-003          20
   2.0000000000000000        10.661554999999998        6.7434504337088013E-003          20
   2.0499999999999998        8.9960564999999981        6.1328331657962238E-003          20
   2.1000000000000001        7.0363774999999986        9.7909374902781180E-003          20
   2.1499999999999999        4.6151309999999999        1.2580681318993918E-002          20
   2.1980000000000000        1.3863960000000002        1.2753797374703843E-002          40
   2.1989999999999998        1.3125177500000005        1.2742204236744445E-002          40
   2.2000000000000002        1.2602131666666669        1.1902304189832501E-002          60
   2.2010000000000001        1.1689642499999997        1.3170411178507415E-002          40
   2.2020000000000000        1.0997675499999999        1.3622792452676171E-002          40
   2.2029999999999998        1.0325893500000001        1.4251750692000296E-002          40
   2.2040000000000002       0.96762087499999994        1.5076227486849640E-002          40
   2.2050000000000001       0.90502492499999987        1.6122826736509183E-002          40
   2.2060000000000000       0.84492014999999987        1.7428144671283608E-002          40
   2.2069999999999999       0.78737785000000016        1.9039875181397152E-002          40
   2.2080000000000002       0.73242152499999991        2.1019412425719450E-002          40
   2.2090000000000001       0.68002127500000009        2.3439677810898580E-002          40
   2.2100000000000000       0.63009727499999990        2.6385014634423495E-002          40
   2.2109999999999999       0.58252189999999993        2.9948689606304219E-002          40
   2.2120000000000002       0.53712400000000005        3.4231049741061129E-002          40
   2.2130000000000001       0.49369520750000007        3.9338126696517046E-002          40
   2.2140000000000000       0.45199684399999984        4.5380486586639540E-002          40
   2.2149999999999999       0.41176750500000009        5.2471738095897502E-002          40
   2.2160000000000002       0.37273124749999992        6.0726631407153162E-002          40
   2.2170000000000001       0.33460508775000003        7.0257320869892351E-002          40
   2.2180000000000000       0.29710973499999999        8.1168844926171213E-002          40
   2.2189999999999999       0.25997909949999998        9.3553002611878253E-002          40
   2.2200000000000002       0.22297191750000001       0.10748168808883461               40
   2.2500000000000000       -2.5204649999999995E-002   3.3532065637456254E-002          20
   2.2999999999999998       -2.6382290000000003E-002   3.1864944689492948E-002          20
   2.3500000000000001       -1.1646347500000001E-002   3.2598643358818909E-002          20
   2.3999999999999999        1.7128510999999996E-002   2.1611315135940161E-002          20
   2.4500000000000002       -2.2086244999999997E-002   2.9401726658048532E-002          20
   2.5000000000000000       -2.7908510999999997E-002   2.5300100025531104E-002          20
   2.5499999999999998        1.9859665999999998E-002   2.5817595029479994E-002          20
   2.6000000000000001       -1.1071259249999996E-002   1.9814364130220807E-002          20
   2.6499999999999999       -1.0370680000000021E-003   1.6402646991125022E-002          20
   2.7000000000000002       -2.4115865000000007E-002   2.2270072272940956E-002          20
