   1.8000000000000000        2.0964986000000003        3.7211030674822132E-004         100
   1.8999999999999999        1.8679720000000004        4.4323131655419658E-004         100
   2.0000000000000000        1.6164375000000006        4.6972946199470226E-004         100
   2.1000000000000001        1.3532276999999997        5.8819510123999644E-004         100
   2.2000000000000002        1.0949397000000003        7.1146197336572703E-004         200
   2.2010000000000001        1.0924700500000002        7.1198875867817268E-004         200
   2.2020000000000000        1.0900019000000003        7.1257233804686510E-004         200
   2.2029999999999998        1.0875377000000002        7.1309155340954671E-004         200
   2.2040000000000002        1.0850762000000009        7.1361522740764709E-004         200
   2.2050000000000001        1.0826178500000003        7.1419802882870601E-004         200
   2.2060000000000000        1.0801616999999992        7.1474150261146110E-004         200
   2.2069999999999999        1.0777088500000003        7.1534235921112427E-004         200
   2.2080000000000002        1.0752590000000000        7.1588361833558917E-004         200
   2.2090000000000001        1.0728118999999998        7.1643937772466007E-004         200
   2.2100000000000000        1.0703678499999998        7.1704394523215058E-004         200
   2.2109999999999999        1.0679268500000001        7.1761366548371531E-004         200
   2.2120000000000002        1.0654889999999999        7.1820040726599968E-004         200
   2.2130000000000001        1.0630543500000005        7.1876521401880648E-004         200
   2.2140000000000000        1.0606226500000004        7.1939847607890297E-004         200
   2.2149999999999999        1.0581938000000006        7.1996770260581691E-004         200
   2.2160000000000002        1.0557676500000002        7.2059909442539431E-004         200
   2.2170000000000001        1.0533452499999993        7.2120015924302932E-004         200
   2.2180000000000000        1.0509259500000006        7.2182557136859908E-004         200
   2.2189999999999999        1.0485093500000002        7.2245637265267110E-004         200
   2.2200000000000002        1.0460961000000000        7.2306169097345390E-004         200
   2.2999999999999998       0.86554972999999957        6.3131978345079955E-004         100
   2.3999999999999999       0.67527765000000006        5.5524299948135440E-004         100
   2.5000000000000000       0.52619097999999997        5.4082511331957008E-004         100
