   1.8000000000000000        3.9666672000000007        4.3541986809808076E-004         100
   1.8999999999999999        3.4221200999999990        6.1447254611855481E-004         100
   2.0000000000000000        2.7719471000000002        8.1980790793093593E-004         100
   2.1000000000000001        1.9853528000000000        1.0971428902325055E-003         100
   2.2000000000000002        1.1145947499999995        1.2154589173205973E-003         200
   2.2010000000000001        1.1064340500000005        1.2209057172773027E-003         200
   2.2020000000000000        1.0983015000000003        1.2265510502018396E-003         200
   2.2029999999999998        1.0901964499999999        1.2323461342053294E-003         200
   2.2040000000000002        1.0821207000000002        1.2382863188881827E-003         200
   2.2050000000000001        1.0740741999999996        1.2443901827010938E-003         200
   2.2060000000000000        1.0660574999999997        1.2506981125556883E-003         200
   2.2069999999999999        1.0580705500000001        1.2570684750582272E-003         200
   2.2080000000000002        1.0501142150000000        1.2636874197753016E-003         200
   2.2090000000000001        1.0421888950000007        1.2703876441527587E-003         200
   2.2100000000000000        1.0342956450000000        1.2772674183756775E-003         200
   2.2109999999999999        1.0264333899999998        1.2843524166837523E-003         200
   2.2120000000000002        1.0186033799999996        1.2915558084669653E-003         200
   2.2130000000000001        1.0108066399999995        1.2989407049434245E-003         200
   2.2140000000000000        1.0030423900000003        1.3064533846975568E-003         200
   2.2149999999999999       0.99531162000000040        1.3141530212745392E-003         200
   2.2160000000000002       0.98761480999999951        1.3220121689762579E-003         200
   2.2170000000000001       0.97995212499999995        1.3300412595269257E-003         200
   2.2180000000000000       0.97232371500000014        1.3382101952478544E-003         200
   2.2189999999999999       0.96473037499999958        1.3465699277336856E-003         200
   2.2200000000000002       0.95717210999999991        1.3550868289862494E-003         200
   2.2999999999999998       0.48109639999999992        1.5718795072777417E-003         100
   2.3999999999999999       0.19728363999999995        1.7764794824326219E-003         100
   2.5000000000000000        8.7870294999999987E-002   1.7765679720907997E-003         100
