   1.7000000000000000        35.238960000000006        1.1814147449479291E-002           5
   1.7500000000000000        33.408040000000000        1.1726162202036110E-002           5
   1.8000000000000000        31.409900000000000        1.4061379732451350E-002           5
   1.8500000000000001        29.255880000000001        1.0877183456521888E-002           5
   1.8999999999999999        26.873500000000000        1.4624144419999955E-002           5
   1.9500000000000000        24.260280000000002        2.0673488336042354E-002           5
   2.0000000000000000        21.311879999999999        1.4546735716621727E-002           5
   2.0499999999999998        17.965640000000000        3.0556395074981320E-002           5
   2.1000000000000001        14.071760000000001        2.4292280255096329E-002           5
   2.1499999999999999        9.1875619999999998        6.6006697199614564E-002           5
   2.1980000000000000        1.8985810000000005        5.6848074791109822E-002          38
   2.1989999999999998        1.6923334210526317        3.7054438327429086E-002          38
   2.2000000000000002        1.4738407906976747        2.9120736658641542E-002          43
   2.2010000000000001        1.2621159473684209        2.9580443015332206E-002          38
   2.2020000000000000        1.0617341578947368        3.0543422428392551E-002          38
   2.2029999999999998       0.88187334210526336        3.4100898509341601E-002          38
   2.2040000000000002       0.72652492105263156        4.3405637275920561E-002          38
   2.2050000000000001       0.59490725526315791        6.3481417689753822E-002          38
   2.2060000000000000       0.48147870789473690       0.10059962238205317               38
   2.2069999999999999       0.37758234210526331       0.16256754497833947               38
   2.2080000000000002       0.27422125263157898       0.25784369583311384               38
   2.2090000000000001       0.16621026315789467       0.39190295288414884               38
   2.2100000000000000        5.6954955263157872E-002  0.56164355730810356               38
   2.2109999999999999       -4.0058868421052760E-002  0.75247128767504645               38
   2.2120000000000002      -0.10643810526315790       0.94373725143878562               38
   2.2130000000000001      -0.12741975526315780        1.1186382671324291               38
   2.2140000000000000       -9.6925210526315947E-002   1.2691761950222034               38
   2.2149999999999999       -1.6912394736842151E-002   1.3945464571783148               38
   2.2160000000000002       0.10602481578947336        1.4974706425068918               38
   2.2170000000000001       0.26371665789473669        1.5816275273831895               38
   2.2180000000000000       0.44817692105263202        1.6505054471271203               38
   2.2189999999999999       0.65234121052631588        1.7070522544680646               38
   2.2200000000000002       0.87023634210526313        1.7536813037386556               38
   2.2500000000000000      -0.35258909999999999        9.9264551741132689E-002           5
   2.2999999999999998       -2.8186560000000006E-002   9.1171051112065610E-002           5
   2.3500000000000001      -0.10980699999999999       0.13749952365153853                5
   2.3999999999999999       -5.8517420000000021E-002   9.8447075163567557E-002           5
   2.4500000000000002        8.6007444000000002E-002   5.1444272960096439E-002           5
   2.5000000000000000        4.6118199999999998E-002   7.6090051134376294E-002           5
   2.5499999999999998        8.1742940000000000E-002   5.5145700797531623E-002           5
   2.6000000000000001       -7.1324760000000001E-002   6.6091740775292646E-002           5
   2.6499999999999999       -9.7974419999999993E-002  0.11267653166219271                5
   2.7000000000000002       -5.4831499999999998E-002   4.3352113060343436E-002           5
