8 3 -0.556685 0.0891619 1 -1.26319e-14 2.96059e-16 16 
8 3 -0.57885 0.139531 1 0 -5.92119e-16 32 
8 3 -0.575546 0.080349 1 1.26319e-14 1.4803e-16 64 
8 3 -0.585622 0.127942 1 1.26319e-14 0 128 
8 3 -0.592161 0.106434 1 0 0 256 
8 3 -0.55877 0.0625966 1 1.26319e-14 0 512 
8 3 -0.479416 0.0453545 1 -1.26319e-14 -7.40149e-17 1024 
8 3 -0.45802 0.042821 1 1.26319e-14 -3.70074e-17 16 
8 3 -0.601475 0.0768628 1 0 0 32 
8 3 -0.599523 0.157138 1 0 5.92119e-16 64 
8 3 -0.552748 0.127939 1 1.26319e-14 0 128 
8 3 -0.480898 0.121903 1 0 0 256 
8 3 -0.590272 0.129447 1 1.26319e-14 0 512 
8 3 -0.57217 0.0775102 1 0 1.4803e-16 1024 
8 3 -0.500076 0.134547 1 0 0 16 
8 3 -0.542622 0.0747786 1 0 1.4803e-16 32 
8 3 -0.542825 0.0997427 1 -1.26319e-14 0 64 
8 3 -0.620792 0.0806084 1 -1.26319e-14 -1.4803e-16 128 
8 3 -0.501627 0.0440183 1 -1.26319e-14 3.70074e-17 256 
8 3 -0.545341 0.10172 1 1.26319e-14 2.96059e-16 512 
8 3 -0.58131 0.0681952 1 0 1.4803e-16 1024 
8 3 -0.596891 0.103316 1 -2.52637e-14 0 16 
8 3 -0.572801 0.0383439 1 1.26319e-14 -3.70074e-17 32 
8 3 -0.525876 0.063904 1 -1.26319e-14 0 64 
8 3 -0.602846 0.0270093 1 0 0 128 
8 3 -0.604821 0.0471009 1 1.26319e-14 7.40149e-17 256 
8 3 -0.513817 0.0739362 1 0 1.4803e-16 512 
8 3 -0.512138 0.0768036 1 0 -1.4803e-16 1024 
8 3 -0.621619 0.0478082 1 -1.26319e-14 0 16 
8 3 -0.586802 0.0274424 1 -1.26319e-14 -1.85037e-17 32 
8 3 -0.564663 0.0424959 1 -2.52637e-14 -3.70074e-17 64 
8 3 -0.572646 0.114862 1 0 2.96059e-16 128 
8 3 -0.610194 0.118956 1 -1.26319e-14 2.96059e-16 256 
8 3 -0.527452 0.0937089 1 -1.26319e-14 0 512 
8 3 -0.570209 0.11998 1 -1.26319e-14 -2.96059e-16 1024 
8 3 -0.578294 0.071258 1 0 1.4803e-16 16 
8 3 -0.467218 0.0577249 1 0 0 32 
8 3 -0.607617 0.105741 1 1.26319e-14 0 64 
8 3 -0.61751 0.0859191 1 -1.26319e-14 0 128 
8 3 -0.599625 0.163393 1 0 0 256 
8 3 -0.568456 0.0217906 1 -1.26319e-14 9.25186e-18 512 
8 3 -0.497912 0.0357953 1 1.26319e-14 0 1024 
8 3 -0.477123 0.100785 1 0 0 16 
8 3 -0.612518 0.127989 1 0 0 32 
8 3 -0.574426 0.0407299 1 -1.26319e-14 -3.70074e-17 64 
8 3 -0.633005 0.218541 1 -1.26319e-14 -1.18424e-15 128 
8 3 -0.570212 0.112465 1 1.26319e-14 -2.96059e-16 256 
8 3 -0.565145 0.148308 1 1.26319e-14 5.92119e-16 512 
8 3 -0.545238 0.118027 1 1.26319e-14 0 1024 
8 3 -0.613693 0.124302 1 -1.26319e-14 2.96059e-16 16 
8 3 -0.530869 0.0298263 1 2.52637e-14 0 32 
8 3 -0.545516 0.113462 1 1.26319e-14 2.96059e-16 64 
8 3 -0.517487 0.123842 1 2.52637e-14 0 128 
8 3 -0.580897 0.0558758 1 1.26319e-14 0 256 
8 3 -0.51884 0.0583207 1 1.26319e-14 7.40149e-17 512 
8 3 -0.79781 0.231981 1 5.05275e-14 0 1024 
8 3 -0.513418 0.0901164 1 -1.26319e-14 -2.96059e-16 16 
8 3 -0.522501 0.0825157 1 -1.26319e-14 0 32 
8 3 -0.51904 0.0762293 1 -1.26319e-14 0 64 
8 3 -0.623792 0.0334546 1 1.26319e-14 0 128 
8 3 -0.552807 0.0659602 1 -1.26319e-14 1.4803e-16 256 
8 3 -0.434892 0.0983605 1 -2.52637e-14 -2.96059e-16 512 
8 3 -0.558221 0.0837137 1 0 -1.4803e-16 1024 
8 3 -0.564481 0.0936681 1 -1.26319e-14 -2.96059e-16 16 
8 3 -0.628734 0.118388 1 -1.26319e-14 2.96059e-16 32 
8 3 -0.75205 0.219119 1 0 0 64 
8 3 -0.524531 0.0686169 1 -1.26319e-14 1.4803e-16 128 
8 3 -0.5204 0.00488698 1 0 0 256 
8 3 -0.732313 0.15775 1 -2.52637e-14 -5.92119e-16 512 
8 3 -0.610301 0.127003 1 0 0 1024 
8 3 -0.663986 0.231567 1 1.26319e-14 0 16 
8 3 -0.627139 0.128983 1 1.26319e-14 0 32 
8 3 -0.573183 0.0177848 1 2.52637e-14 -9.25186e-18 64 
8 3 -0.633934 0.0935851 1 0 0 128 
8 3 -0.561235 0.0234527 1 -1.26319e-14 -1.85037e-17 256 
8 3 -0.626714 0.18805 1 0 0 512 
8 3 -0.595467 0.15879 1 0 0 1024 
8 3 -0.573225 0.11941 1 -1.26319e-14 0 16 
8 3 -0.439238 0.134816 1 1.26319e-14 5.92119e-16 32 
8 3 -0.506758 0.0804153 1 -1.26319e-14 -1.4803e-16 64 
8 3 -0.540318 0.101714 1 0 2.96059e-16 128 
8 3 -0.611022 0.120969 1 2.52637e-14 -2.96059e-16 256 
8 3 -0.669735 0.100528 1 -2.52637e-14 -2.96059e-16 512 
8 3 -0.53331 0.104239 1 -1.26319e-14 -2.96059e-16 1024 
8 3 -0.567266 0.101026 1 0 0 16 
8 3 -0.684523 0.104876 1 -2.52637e-14 0 32 
8 3 -0.494061 0.0618249 1 0 7.40149e-17 64 
8 3 -0.574797 0.0966055 1 2.52637e-14 0 128 
8 3 -0.543494 0.18548 1 -1.26319e-14 0 256 
8 3 -0.567871 0.0450048 1 0 -7.40149e-17 512 
8 3 -0.548356 0.0514768 1 0 0 1024 
8 3 -0.540542 0.103478 1 2.52637e-14 0 16 
8 3 -0.573253 0.1844 1 1.26319e-14 -1.18424e-15 32 
8 3 -0.531378 0.115116 1 0 0 64 
8 3 -0.391284 0.0263637 1 1.26319e-14 1.85037e-17 128 
8 3 -0.642516 0.0660281 1 1.26319e-14 0 256 
8 3 -0.577189 0.0709686 1 0 0 512 
8 3 -0.59953 0.0870858 1 2.52637e-14 0 1024 
8 3 -0.474576 0.106227 1 -2.52637e-14 0 16 
8 3 -0.596279 0.0195972 1 1.26319e-14 0 32 
8 3 -0.560398 0.120953 1 0 0 64 
8 3 -0.64194 0.0459634 1 0 0 128 
8 3 -0.494003 0.0549945 1 0 -7.40149e-17 256 
8 3 -0.657847 0.194488 1 -1.26319e-14 -1.18424e-15 512 
8 3 -0.524521 0.1182 1 0 0 1024 
8 3 -0.574297 0.0977554 1 -1.26319e-14 0 16 
8 3 -0.522559 0.0498649 1 -1.26319e-14 0 32 
8 3 -0.553941 0.0660842 1 -1.26319e-14 0 64 
8 3 -0.66669 0.181051 1 2.52637e-14 0 128 
8 3 -0.566032 0.0303625 1 0 -1.85037e-17 256 
8 3 -0.534512 0.121738 1 0 2.96059e-16 512 
8 3 -0.600922 0.0861259 1 0 1.4803e-16 1024 
8 3 -0.566132 0.0521667 1 1.26319e-14 0 16 
8 3 -0.538854 0.127862 1 0 0 32 
8 3 -0.56707 0.0706292 1 2.52637e-14 -1.4803e-16 64 
8 3 -0.486379 0.0677154 1 1.26319e-14 -1.4803e-16 128 
8 3 -0.611348 0.17834 1 0 0 256 
8 3 -0.477252 0.0211809 1 1.26319e-14 -9.25186e-18 512 
8 3 -0.430088 0.119038 1 0 0 1024 
8 3 -0.574195 0.20756 1 2.52637e-14 -1.18424e-15 16 
8 3 -0.484581 0.0932188 1 1.26319e-14 0 32 
8 3 -0.567766 0.141667 1 -1.26319e-14 -5.92119e-16 64 
8 3 -0.60227 0.0725283 1 1.26319e-14 -1.4803e-16 128 
8 3 -0.513825 0.127934 1 -1.26319e-14 -5.92119e-16 256 
8 3 -0.50261 0.0336768 1 0 3.70074e-17 512 
8 3 -0.632967 0.10894 1 0 2.96059e-16 1024 
8 3 -0.656134 0.101207 1 1.26319e-14 0 16 
8 3 -0.669421 0.0684952 1 2.52637e-14 -1.4803e-16 32 
8 3 -0.45992 0.0714233 1 0 0 64 
8 3 -0.576541 0.0102213 1 1.26319e-14 -2.31296e-18 128 
8 3 -0.649916 0.101747 1 2.52637e-14 0 256 
8 3 -0.589222 0.0956847 1 2.52637e-14 0 512 
8 3 -0.610867 0.0407165 1 0 0 1024 
8 3 -0.582002 0.0766809 1 0 0 16 
8 3 -0.583221 0.076542 1 0 1.4803e-16 32 
8 3 -0.719311 0.251216 1 2.52637e-14 -2.36848e-15 64 
8 3 -0.634202 0.18954 1 0 0 128 
8 3 -0.631066 0.203093 1 -2.52637e-14 0 256 
8 3 -0.665627 0.16088 1 0 -5.92119e-16 512 
8 3 -0.601054 0.127376 1 -1.26319e-14 0 1024 
8 3 -0.478584 0.0712757 1 1.26319e-14 -1.4803e-16 16 
8 3 -0.647059 0.133163 1 1.26319e-14 -5.92119e-16 32 
8 3 -0.60289 0.119217 1 -1.26319e-14 0 64 
8 3 -0.670364 0.0455799 1 -2.52637e-14 -7.40149e-17 128 
8 3 -0.59219 0.141487 1 2.52637e-14 5.92119e-16 256 
8 3 -0.623764 0.126264 1 -1.26319e-14 5.92119e-16 512 
8 3 -0.609818 0.0794711 1 -1.26319e-14 1.4803e-16 1024 
8 3 -0.49767 0.0105369 1 0 0 16 
8 3 -0.483685 0.0080762 1 -1.26319e-14 -2.31296e-18 32 
8 3 -0.546871 0.114554 1 1.26319e-14 0 64 
8 3 -0.554244 0.12096 1 1.26319e-14 -2.96059e-16 128 
8 3 -0.67446 0.113895 1 2.52637e-14 0 256 
8 3 -0.606862 0.0937877 1 1.26319e-14 0 512 
8 3 -0.505066 0.0977413 1 0 -2.96059e-16 1024 
8 3 -0.686113 0.0259041 1 0 -1.85037e-17 16 
8 3 -0.406464 0.015763 1 0 -9.25186e-18 32 
8 3 -0.584744 0.0716841 1 0 1.4803e-16 64 
8 3 -0.370543 0.0915336 1 0 0 128 
8 3 -0.632483 0.166939 1 -1.26319e-14 -5.92119e-16 256 
8 3 -0.56667 0.0345989 1 -1.26319e-14 3.70074e-17 512 
8 3 -0.622108 0.0379582 1 0 3.70074e-17 1024 
8 3 -0.551742 0.0949357 1 0 0 16 
8 3 -0.594289 0.167105 1 2.52637e-14 5.92119e-16 32 
8 3 -0.641729 0.171269 1 0 5.92119e-16 64 
8 3 -0.597519 0.0329499 1 0 3.70074e-17 128 
8 3 -0.565905 0.101203 1 0 0 256 
8 3 -0.619028 0.108552 1 1.26319e-14 0 512 
8 3 -0.531802 0.0118616 1 1.26319e-14 -4.62593e-18 1024 
8 3 -0.593349 0.149164 1 0 0 16 
8 3 -0.677415 0.0304547 1 0 1.85037e-17 32 
8 3 -0.561406 0.0481264 1 -1.26319e-14 0 64 
8 3 -0.623395 0.112777 1 -2.52637e-14 0 128 
8 3 -0.543153 0.167164 1 0 5.92119e-16 256 
8 3 -0.514043 0.0373687 1 -1.26319e-14 -3.70074e-17 512 
8 3 -0.550626 0.0933149 1 1.26319e-14 -2.96059e-16 1024 
8 3 -0.39609 0.0727747 1 1.26319e-14 0 16 
8 3 -0.590239 0.0741284 1 0 0 32 
8 3 -0.585945 0.143783 1 1.26319e-14 5.92119e-16 64 
8 3 -0.712664 0.131452 1 0 0 128 
8 3 -0.608369 0.0954043 1 -1.26319e-14 -2.96059e-16 256 
8 3 -0.558262 0.0839515 1 -2.52637e-14 -1.4803e-16 512 
8 3 -0.632173 0.107525 1 -2.52637e-14 2.96059e-16 1024 
8 3 -0.509909 0.0865861 1 0 0 16 
8 3 -0.602853 0.145146 1 2.52637e-14 -5.92119e-16 32 
8 3 -0.504674 0.0596086 1 1.26319e-14 0 64 
8 3 -0.497223 0.101037 1 0 0 128 
8 3 -0.615557 0.0872532 1 0 0 256 
8 3 -0.546284 0.179509 1 1.26319e-14 0 512 
8 3 -0.525662 0.080169 1 0 -1.4803e-16 1024 
8 3 -0.472017 0.148743 1 -1.26319e-14 -5.92119e-16 16 
8 3 -0.531957 0.0397588 1 1.26319e-14 3.70074e-17 32 
8 3 -0.600185 0.151976 1 1.26319e-14 -5.92119e-16 64 
8 3 -0.514533 0.0750577 1 0 1.4803e-16 128 
8 3 -0.594103 0.112921 1 -1.26319e-14 0 256 
8 3 -0.583114 0.134657 1 0 0 512 
8 3 -0.604881 0.162722 1 0 5.92119e-16 1024 
8 3 -0.540737 0.124712 1 -2.52637e-14 -2.96059e-16 16 
8 3 -0.564856 0.0555246 1 0 7.40149e-17 32 
8 3 -0.500998 0.00868962 1 0 0 64 
8 3 -0.476962 0.0562198 1 0 -7.40149e-17 128 
8 3 -0.566112 0.0618446 1 0 -7.40149e-17 256 
8 3 -0.616034 0.0269356 1 0 1.85037e-17 512 
8 3 -0.546349 0.0882902 1 0 -1.4803e-16 1024 
8 3 -0.563488 0.0641605 1 -1.26319e-14 1.4803e-16 16 
8 3 -0.540877 0.0746258 1 0 1.4803e-16 32 
8 3 -0.643885 0.0182823 1 -2.52637e-14 -9.25186e-18 64 
8 3 -0.460671 0.0983787 1 -1.26319e-14 -2.96059e-16 128 
8 3 -0.549539 0.0614957 1 -1.26319e-14 0 256 
8 3 -0.740546 0.121794 1 2.52637e-14 0 512 
8 3 -0.587543 0.016711 1 -2.52637e-14 0 1024 
8 3 -0.610702 0.142377 1 2.52637e-14 0 16 
8 3 -0.509195 0.0651771 1 0 0 32 
8 3 -0.591653 0.101313 1 -2.52637e-14 -2.96059e-16 64 
8 3 -0.681549 0.171747 1 0 0 128 
8 3 -0.654591 0.148753 1 0 0 256 
8 3 -0.622413 0.242994 1 1.26319e-14 1.18424e-15 512 
8 3 -0.604808 0.120531 1 -2.52637e-14 0 1024 
8 3 -0.614539 0.144698 1 1.26319e-14 -5.92119e-16 16 
8 3 -0.542318 0.136664 1 2.52637e-14 0 32 
8 3 -0.533707 0.0488886 1 -1.26319e-14 0 64 
8 3 -0.513131 0.172406 1 0 -5.92119e-16 128 
8 3 -0.44136 0.0848171 1 0 0 256 
8 3 -0.595413 0.182628 1 0 -1.18424e-15 512 
8 3 -0.507926 0.0888962 1 -1.26319e-14 -2.96059e-16 1024 
8 3 -0.543374 0.156502 1 0 0 16 
8 3 -0.540761 0.078076 1 0 1.4803e-16 32 
8 3 -0.695745 0.19284 1 0 1.18424e-15 64 
8 3 -0.476211 0.0379169 1 0 0 128 
8 3 -0.586305 0.0263129 1 -1.26319e-14 0 256 
8 3 -0.579302 0.143672 1 0 5.92119e-16 512 
8 3 -0.533503 0.118222 1 0 0 1024 
8 3 -0.515004 0.0140701 1 0 4.62593e-18 16 
8 3 -0.606799 0.0929881 1 -1.26319e-14 0 32 
8 3 -0.548816 0.0485845 1 1.26319e-14 0 64 
8 3 -0.490255 0.0262256 1 -1.26319e-14 0 128 
8 3 -0.641866 0.206743 1 -2.52637e-14 0 256 
8 3 -0.536771 0.0650729 1 -1.26319e-14 -1.4803e-16 512 
8 3 -0.480438 0.0705271 1 1.26319e-14 -1.4803e-16 1024 
8 3 -0.632661 0.0507832 1 0 -7.40149e-17 16 
8 3 -0.65401 0.0854913 1 -2.52637e-14 1.4803e-16 32 
8 3 -0.666392 0.157474 1 0 5.92119e-16 64 
8 3 -0.487066 0.0862874 1 -1.26319e-14 -1.4803e-16 128 
8 3 -0.566286 0.0426515 1 0 -3.70074e-17 256 
8 3 -0.550321 0.144216 1 -1.26319e-14 -5.92119e-16 512 
8 3 -0.535867 0.134739 1 -1.26319e-14 -5.92119e-16 1024 
8 3 -0.548973 0.091278 1 1.26319e-14 2.96059e-16 16 
8 3 -0.594425 0.206658 1 1.26319e-14 -1.18424e-15 32 
8 3 -0.626294 0.116239 1 2.52637e-14 -2.96059e-16 64 
8 3 -0.492154 0.035905 1 -2.52637e-14 0 128 
8 3 -0.527725 0.122667 1 0 0 256 
8 3 -0.574285 0.145802 1 0 5.92119e-16 512 
8 3 -0.609737 0.10318 1 -1.26319e-14 0 1024 
8 3 -0.555822 0.155381 1 0 5.92119e-16 16 
8 3 -0.489145 0.131312 1 0 -5.92119e-16 32 
8 3 -0.524705 0.118781 1 -1.26319e-14 0 64 
8 3 -0.572055 0.0994653 1 0 -2.96059e-16 128 
8 3 -0.646302 0.179166 1 0 0 256 
8 3 -0.680191 0.109349 1 0 2.96059e-16 512 
8 3 -0.570112 0.122431 1 -1.26319e-14 0 1024 
8 3 -0.566786 0.193014 1 0 1.18424e-15 16 
8 3 -0.41172 0.0791953 1 0 0 32 
8 3 -0.611038 0.00951419 1 -1.26319e-14 -2.31296e-18 64 
8 3 -0.539796 0.0341153 1 1.26319e-14 -3.70074e-17 128 
8 3 -0.586486 0.0498907 1 -1.26319e-14 0 256 
8 3 -0.564796 0.0323902 1 0 0 512 
8 3 -0.528956 0.100641 1 -1.26319e-14 0 1024 
8 3 -0.70848 0.120645 1 0 0 16 
8 3 -0.632516 0.070085 1 0 0 32 
8 3 -0.581268 0.0527483 1 0 0 64 
8 3 -0.529486 0.0967458 1 0 -2.96059e-16 128 
8 3 -0.557219 0.0679156 1 -3.78956e-14 0 256 
8 3 -0.55998 0.0174732 1 0 0 512 
8 3 -0.49328 0.139031 1 0 -5.92119e-16 1024 
8 3 -0.506235 0.0426907 1 0 -3.70074e-17 16 
8 3 -0.672553 0.120625 1 0 0 32 
8 3 -0.471586 0.0809355 1 1.26319e-14 -1.4803e-16 64 
8 3 -0.601002 0.140423 1 -1.26319e-14 0 128 
8 3 -0.583555 0.174491 1 0 5.92119e-16 256 
8 3 -0.465815 0.0375269 1 0 3.70074e-17 512 
8 3 -0.498408 0.125841 1 2.52637e-14 -5.92119e-16 1024 
8 3 -0.585143 0.0799966 1 0 -1.4803e-16 16 
8 3 -0.480619 0.0508132 1 1.26319e-14 0 32 
8 3 -0.626937 0.168195 1 1.26319e-14 5.92119e-16 64 
8 3 -0.514776 0.072698 1 -1.26319e-14 0 128 
8 3 -0.537417 0.0532853 1 1.26319e-14 7.40149e-17 256 
8 3 -0.474392 0.0697352 1 0 0 512 
8 3 -0.525243 0.0952528 1 1.26319e-14 2.96059e-16 1024 
8 3 -0.528078 0.0406868 1 -1.26319e-14 3.70074e-17 16 
8 3 -0.510934 0.08617 1 0 -1.4803e-16 32 
8 3 -0.628935 0.206155 1 -2.52637e-14 0 64 
8 3 -0.592722 0.129505 1 1.26319e-14 -5.92119e-16 128 
8 3 -0.603393 0.0657876 1 -1.26319e-14 0 256 
8 3 -0.552317 0.0299926 1 1.26319e-14 0 512 
8 3 -0.497827 0.051841 1 1.26319e-14 0 1024 
8 3 -0.619313 0.03527 1 0 0 16 
8 3 -0.577463 0.0683994 1 2.52637e-14 1.4803e-16 32 
8 3 -0.552432 0.110689 1 0 0 64 
8 3 -0.540901 0.170564 1 1.26319e-14 0 128 
8 3 -0.675891 0.0296438 1 2.52637e-14 -1.85037e-17 256 
8 3 -0.506713 0.0272897 1 1.26319e-14 0 512 
8 3 -0.542142 0.060427 1 1.26319e-14 0 1024 
8 3 -0.537377 0.0351301 1 0 3.70074e-17 16 
8 3 -0.655275 0.0513585 1 -1.26319e-14 7.40149e-17 32 
8 3 -0.685101 0.101579 1 0 0 64 
8 3 -0.512898 0.0383906 1 0 3.70074e-17 128 
8 3 -0.649049 0.1646 1 1.26319e-14 0 256 
8 3 -0.630092 0.0482012 1 -1.26319e-14 7.40149e-17 512 
8 3 -0.517046 0.0797424 1 0 -1.4803e-16 1024 
8 3 -0.565386 0.0751216 1 1.26319e-14 0 16 
8 3 -0.532759 0.0257106 1 1.26319e-14 -1.85037e-17 32 
8 3 -0.511227 0.0388611 1 -1.26319e-14 0 64 
8 3 -0.611434 0.0969659 1 1.26319e-14 2.96059e-16 128 
8 3 -0.622962 0.0682597 1 1.26319e-14 -1.4803e-16 256 
8 3 -0.581762 0.16859 1 1.26319e-14 5.92119e-16 512 
8 3 -0.59739 0.110173 1 1.26319e-14 0 1024 
8 3 -0.585951 0.113943 1 -1.26319e-14 0 16 
8 3 -0.534769 0.0404629 1 1.26319e-14 3.70074e-17 32 
8 3 -0.573145 0.0324445 1 -1.26319e-14 -3.70074e-17 64 
8 3 -0.751407 0.229027 1 -2.52637e-14 1.18424e-15 128 
8 3 -0.488564 0.0785234 1 -1.26319e-14 0 256 
8 3 -0.444459 0.0358951 1 0 3.70074e-17 512 
8 3 -0.544945 0.0908455 1 -2.52637e-14 0 1024 
8 3 -0.533239 0.0801032 1 -1.26319e-14 0 16 
8 3 -0.491249 0.0932414 1 0 0 32 
8 3 -0.621115 0.131972 1 1.26319e-14 0 64 
8 3 -0.482676 0.0536369 1 0 0 128 
8 3 -0.604581 0.0971984 1 0 -2.96059e-16 256 
8 3 -0.487531 0.0673365 1 1.26319e-14 0 512 
8 3 -0.504452 0.125833 1 1.26319e-14 0 1024 
8 3 -0.56918 0.0336651 1 1.26319e-14 3.70074e-17 16 
8 3 -0.596773 0.164433 1 -1.26319e-14 0 32 
8 3 -0.573968 0.0940699 1 -1.26319e-14 0 64 
8 3 -0.479689 0.08409 1 -1.26319e-14 0 128 
8 3 -0.618886 0.0255294 1 1.26319e-14 1.85037e-17 256 
8 3 -0.58128 0.106942 1 0 2.96059e-16 512 
8 3 -0.680486 0.116131 1 0 0 1024 
8 3 -0.558387 0.128384 1 1.26319e-14 0 16 
8 3 -0.593238 0.208487 1 1.26319e-14 1.18424e-15 32 
8 3 -0.577136 0.0581368 1 0 -7.40149e-17 64 
8 3 -0.602838 0.0864381 1 1.26319e-14 -1.4803e-16 128 
8 3 -0.668485 0.162798 1 0 -5.92119e-16 256 
8 3 -0.599568 0.0637597 1 0 1.4803e-16 512 
8 3 -0.473187 0.085181 1 1.26319e-14 -1.4803e-16 1024 
8 3 -0.54863 0.0711063 1 2.52637e-14 1.4803e-16 16 
8 3 -0.640951 0.164568 1 0 -5.92119e-16 32 
8 3 -0.59348 0.0339837 1 -1.26319e-14 -3.70074e-17 64 
8 3 -0.544659 0.0438469 1 2.52637e-14 3.70074e-17 128 
8 3 -0.535851 0.0644455 1 -2.52637e-14 1.4803e-16 256 
8 3 -0.583281 0.120695 1 0 0 512 
8 3 -0.508978 0.0431075 1 0 0 1024 
8 3 -0.551238 0.0304044 1 0 0 16 
8 3 -0.517484 0.128641 1 1.26319e-14 0 32 
8 3 -0.509144 0.049188 1 0 0 64 
8 3 -0.614721 0.0855261 1 1.26319e-14 1.4803e-16 128 
8 3 -0.56023 0.123251 1 0 0 256 
8 3 -0.502967 0.0805379 1 0 0 512 
8 3 -0.601094 0.0632188 1 0 -1.4803e-16 1024 
8 3 -0.512857 0.0637598 1 -1.26319e-14 0 16 
8 3 -0.50697 0.0815416 1 0 1.4803e-16 32 
8 3 -0.549474 0.0821229 1 0 1.4803e-16 64 
8 3 -0.597531 0.166873 1 1.26319e-14 5.92119e-16 128 
8 3 -0.556236 0.0601672 1 0 0 256 
8 3 -0.514803 0.090363 1 1.26319e-14 0 512 
8 3 -0.446887 0.0787104 1 1.26319e-14 0 1024 
8 3 -0.638794 0.133398 1 0 0 16 
8 3 -0.592341 0.0958682 1 3.78956e-14 0 32 
8 3 -0.46254 0.0751007 1 0 -1.4803e-16 64 
8 3 -0.602604 0.114359 1 0 -2.96059e-16 128 
8 3 -0.531712 0.0704251 1 0 0 256 
8 3 -0.65905 0.0824193 1 -1.26319e-14 1.4803e-16 512 
8 3 -0.601986 0.133765 1 1.26319e-14 5.92119e-16 1024 
8 3 -0.530667 0.0866227 1 0 0 16 
8 3 -0.618775 0.0568516 1 2.52637e-14 0 32 
8 3 -0.563322 0.157156 1 0 0 64 
8 3 -0.679827 0.0836777 1 2.52637e-14 0 128 
8 3 -0.542045 0.0633708 1 -1.26319e-14 0 256 
8 3 -0.553049 0.0398435 1 1.26319e-14 3.70074e-17 512 
8 3 -0.657041 0.0357345 1 2.52637e-14 0 1024 
8 3 -0.646053 0.0963566 1 0 2.96059e-16 16 
8 3 -0.60808 0.115867 1 -1.26319e-14 0 32 
8 3 -0.481996 0.0384509 1 0 -3.70074e-17 64 
8 3 -0.585444 0.0716096 1 -1.26319e-14 0 128 
8 3 -0.677687 0.0419866 1 0 3.70074e-17 256 
8 3 -0.444301 0.0556057 1 0 0 512 
8 3 -0.559294 0.123691 1 2.52637e-14 -2.96059e-16 1024 
8 3 -0.482802 0.114202 1 -1.26319e-14 2.96059e-16 16 
8 3 -0.584978 0.131516 1 -1.26319e-14 0 32 
8 3 -0.552283 0.0833822 1 0 -1.4803e-16 64 
8 3 -0.556547 0.0544638 1 0 0 128 
8 3 -0.564811 0.0811587 1 0 0 256 
8 3 -0.56801 0.176032 1 1.26319e-14 5.92119e-16 512 
8 3 -0.459181 0.130599 1 0 0 1024 
8 3 -0.560152 0.0586049 1 0 -7.40149e-17 16 
8 3 -0.631396 0.0965939 1 1.26319e-14 2.96059e-16 32 
8 3 -0.609425 0.148753 1 1.26319e-14 0 64 
8 3 -0.470229 0.141717 1 2.52637e-14 0 128 
8 3 -0.575445 0.220294 1 -3.78956e-14 -1.18424e-15 256 
8 3 -0.599682 0.116685 1 -2.52637e-14 0 512 
8 3 -0.605092 0.0509661 1 -1.26319e-14 0 1024 
8 3 -0.574346 0.0387662 1 1.26319e-14 0 16 
8 3 -0.551804 0.0355506 1 0 3.70074e-17 32 
8 3 -0.473215 0.0466304 1 3.78956e-14 0 64 
8 3 -0.609989 0.225689 1 2.52637e-14 0 128 
8 3 -0.666577 0.0750015 1 0 1.4803e-16 256 
8 3 -0.570876 0.0614844 1 2.52637e-14 0 512 
8 3 -0.50788 0.0249213 1 1.26319e-14 0 1024 
8 3 -0.552639 0.0335278 1 0 -3.70074e-17 16 
8 3 -0.586196 0.0876442 1 0 1.4803e-16 32 
8 3 -0.678366 0.143072 1 0 5.92119e-16 64 
8 3 -0.522518 0.0745217 1 -2.52637e-14 -1.4803e-16 128 
8 3 -0.476757 0.0425719 1 0 0 256 
8 3 -0.518909 0.111343 1 0 0 512 
8 3 -0.49831 0.0797263 1 0 0 1024 
8 3 -0.548347 0.0804552 1 -1.26319e-14 -1.4803e-16 16 
8 3 -0.42071 0.0706858 1 1.26319e-14 -1.4803e-16 32 
8 3 -0.633704 0.0615941 1 -1.26319e-14 7.40149e-17 64 
8 3 -0.543863 0.057813 1 0 0 128 
8 3 -0.546443 0.0877649 1 0 0 256 
8 3 -0.509984 0.0421802 1 2.52637e-14 -3.70074e-17 512 
8 3 -0.575565 0.0698748 1 -1.26319e-14 0 1024 
8 3 -0.501622 0.119652 1 -2.52637e-14 2.96059e-16 16 
8 3 -0.538997 0.0485033 1 1.26319e-14 7.40149e-17 32 
8 3 -0.559718 0.0581433 1 0 0 64 
8 3 -0.467088 0.0299497 1 1.26319e-14 0 128 
8 3 -0.651563 0.0575267 1 1.26319e-14 0 256 
8 3 -0.550354 0.0828101 1 -1.26319e-14 -1.4803e-16 512 
8 3 -0.556827 0.0582861 1 0 0 1024 
8 3 -0.555708 0.072925 1 -2.52637e-14 -1.4803e-16 16 
8 3 -0.465719 0.0708912 1 1.26319e-14 0 32 
8 3 -0.59877 0.168295 1 -1.26319e-14 5.92119e-16 64 
8 3 -0.575499 0.123166 1 0 0 128 
8 3 -0.598359 0.109257 1 0 0 256 
8 3 -0.57598 0.118237 1 -1.26319e-14 0 512 
8 3 -0.579172 0.255031 1 -1.26319e-14 2.36848e-15 1024 
8 3 -0.707721 0.176367 1 0 5.92119e-16 16 
8 3 -0.474704 0.0581558 1 1.26319e-14 0 32 
8 3 -0.568673 0.120971 1 0 2.96059e-16 64 
8 3 -0.47875 0.0779172 1 0 0 128 
8 3 -0.512742 0.139184 1 0 0 256 
8 3 -0.448527 0.0595336 1 1.26319e-14 7.40149e-17 512 
8 3 -0.665463 0.134001 1 -1.26319e-14 -5.92119e-16 1024 
8 3 -0.552902 0.0171017 1 1.26319e-14 0 16 
8 3 -0.555739 0.093457 1 1.26319e-14 -2.96059e-16 32 
8 3 -0.522015 0.062914 1 -1.26319e-14 0 64 
8 3 -0.531743 0.055129 1 1.26319e-14 -7.40149e-17 128 
8 3 -0.539168 0.0415199 1 1.26319e-14 0 256 
8 3 -0.536203 0.11142 1 0 2.96059e-16 512 
8 3 -0.552453 0.109941 1 1.26319e-14 0 1024 
8 3 -0.620854 0.0756895 1 2.52637e-14 1.4803e-16 16 
8 3 -0.481688 0.117349 1 0 0 32 
8 3 -0.553691 0.0427883 1 0 3.70074e-17 64 
8 3 -0.662113 0.0350867 1 0 3.70074e-17 128 
8 3 -0.647398 0.0620059 1 -2.52637e-14 7.40149e-17 256 
8 3 -0.560431 0.118851 1 1.26319e-14 0 512 
8 3 -0.608532 0.172549 1 1.26319e-14 5.92119e-16 1024 
8 3 -0.582839 0.136241 1 1.26319e-14 -5.92119e-16 16 
8 3 -0.604403 0.126396 1 1.26319e-14 0 32 
8 3 -0.592686 0.176377 1 2.52637e-14 -5.92119e-16 64 
8 3 -0.514487 0.102806 1 1.26319e-14 0 128 
8 3 -0.469824 0.0520809 1 0 7.40149e-17 256 
8 3 -0.448456 0.0560676 1 0 7.40149e-17 512 
8 3 -0.512325 0.0698127 1 1.26319e-14 0 1024 
8 3 -0.532978 0.152346 1 1.26319e-14 0 16 
8 3 -0.565392 0.11377 1 1.26319e-14 0 32 
8 3 -0.670806 0.211751 1 -2.52637e-14 0 64 
8 3 -0.637195 0.177256 1 0 1.18424e-15 128 
8 3 -0.453238 0.054932 1 1.26319e-14 -7.40149e-17 256 
8 3 -0.469362 0.0507114 1 1.26319e-14 -7.40149e-17 512 
8 3 -0.6144 0.0906892 1 0 0 1024 
8 3 -0.496517 0.0561052 1 0 0 16 
8 3 -0.499549 0.017234 1 0 -9.25186e-18 32 
8 3 -0.517352 0.0753776 1 -1.26319e-14 0 64 
8 3 -0.595397 0.0568173 1 1.26319e-14 0 128 
8 3 -0.674462 0.110616 1 2.52637e-14 0 256 
8 3 -0.564497 0.0795422 1 1.26319e-14 1.4803e-16 512 
8 3 -0.441086 0.0286637 1 0 -1.85037e-17 1024 
8 3 -0.640861 0.124026 1 -1.26319e-14 0 16 
8 3 -0.494582 0.0348018 1 0 0 32 
8 3 -0.493323 0.18656 1 -2.52637e-14 -1.18424e-15 64 
8 3 -0.554672 0.056429 1 0 7.40149e-17 128 
8 3 -0.518557 0.0971708 1 1.26319e-14 0 256 
8 3 -0.517927 0.0236486 1 1.26319e-14 0 512 
8 3 -0.59517 0.134165 1 -1.26319e-14 0 1024 
8 3 -0.45161 0.149843 1 1.26319e-14 0 16 
8 3 -0.536804 0.0878463 1 1.26319e-14 1.4803e-16 32 
8 3 -0.566542 0.106187 1 0 -2.96059e-16 64 
8 3 -0.454493 0.0966375 1 -1.26319e-14 0 128 
8 3 -0.606673 0.167216 1 0 -5.92119e-16 256 
8 3 -0.605491 0.155649 1 -1.26319e-14 0 512 
8 3 -0.603662 0.172121 1 0 0 1024 
8 3 -0.609048 0.0759723 1 -1.26319e-14 1.4803e-16 16 
8 3 -0.722415 0.13655 1 -2.52637e-14 0 32 
8 3 -0.530207 0.110973 1 -1.26319e-14 0 64 
8 3 -0.555484 0.0297485 1 0 1.85037e-17 128 
8 3 -0.56788 0.0305084 1 2.52637e-14 0 256 
8 3 -0.53499 0.0774676 1 1.26319e-14 1.4803e-16 512 
8 3 -0.520482 0.0384032 1 1.26319e-14 0 1024 
8 3 -0.538914 0.0650883 1 -2.52637e-14 0 16 
8 3 -0.612417 0.0241528 1 1.26319e-14 1.85037e-17 32 
8 3 -0.492445 0.0618458 1 0 7.40149e-17 64 
8 3 -0.445432 0.0378745 1 -2.52637e-14 0 128 
8 3 -0.730225 0.137634 1 2.52637e-14 5.92119e-16 256 
8 3 -0.451322 0.0684496 1 0 -1.4803e-16 512 
8 3 -0.534026 0.0922798 1 0 0 1024 
8 3 -0.62594 0.0750797 1 0 0 16 
8 3 -0.560603 0.0608603 1 1.26319e-14 7.40149e-17 32 
8 3 -0.53904 0.0816941 1 0 1.4803e-16 64 
8 3 -0.583385 0.075311 1 1.26319e-14 -1.4803e-16 128 
8 3 -0.556166 0.0352391 1 -2.52637e-14 0 256 
8 3 -0.554103 0.118853 1 0 0 512 
8 3 -0.620701 0.169844 1 0 -5.92119e-16 1024 
8 3 -0.635959 0.135624 1 1.26319e-14 5.92119e-16 16 
8 3 -0.548133 0.0511126 1 0 7.40149e-17 32 
8 3 -0.551752 0.0577694 1 1.26319e-14 0 64 
8 3 -0.562433 0.0708543 1 1.26319e-14 0 128 
8 3 -0.78086 0.230388 1 0 0 256 
8 3 -0.512549 0.108659 1 1.26319e-14 2.96059e-16 512 
8 3 -0.567538 0.0256581 1 0 1.85037e-17 1024 
8 3 -0.661961 0.0987374 1 -1.26319e-14 0 16 
8 3 -0.674409 0.143571 1 0 0 32 
8 3 -0.53011 0.0708725 1 -1.26319e-14 1.4803e-16 64 
8 3 -0.666643 0.17179 1 1.26319e-14 0 128 
8 3 -0.502933 0.106241 1 -1.26319e-14 0 256 
8 3 -0.627982 0.201532 1 1.26319e-14 0 512 
8 3 -0.651081 0.065012 1 2.52637e-14 0 1024 
8 3 -0.686312 0.0791717 1 0 1.4803e-16 16 
8 3 -0.514326 0.0572553 1 0 0 32 
8 3 -0.52505 0.0554013 1 0 7.40149e-17 64 
8 3 -0.601909 0.0255645 1 0 1.85037e-17 128 
8 3 -0.546747 0.0673959 1 0 1.4803e-16 256 
8 3 -0.605946 0.149696 1 2.52637e-14 5.92119e-16 512 
8 3 -0.547593 0.0725835 1 -1.26319e-14 0 1024 
8 3 -0.589829 0.114642 1 0 -2.96059e-16 16 
8 3 -0.523977 0.065866 1 0 -1.4803e-16 32 
8 3 -0.57302 0.184182 1 0 0 64 
8 3 -0.632919 0.0833045 1 -1.26319e-14 0 128 
8 3 -0.5425 0.0506271 1 0 0 256 
8 3 -0.53815 0.0544827 1 1.26319e-14 0 512 
8 3 -0.621979 0.0477498 1 0 0 1024 
8 3 -0.559766 0.0237518 1 -1.26319e-14 0 16 
8 3 -0.535357 0.0785628 1 1.26319e-14 0 32 
8 3 -0.568325 0.0361181 1 -1.26319e-14 0 64 
8 3 -0.513562 0.0221403 1 0 0 128 
8 3 -0.565819 0.0934633 1 0 0 256 
8 3 -0.594444 0.113731 1 -1.26319e-14 0 512 
8 3 -0.534602 0.145274 1 1.26319e-14 -5.92119e-16 1024 
8 3 -0.597379 0.0817547 1 -1.26319e-14 1.4803e-16 16 
8 3 -0.486611 0.0676893 1 0 1.4803e-16 32 
8 3 -0.555976 0.0752475 1 0 -1.4803e-16 64 
8 3 -0.489431 0.0388596 1 1.26319e-14 3.70074e-17 128 
8 3 -0.557056 0.103203 1 0 -2.96059e-16 256 
8 3 -0.59033 0.0459469 1 0 0 512 
8 3 -0.612985 0.10866 1 1.26319e-14 2.96059e-16 1024 
8 3 -0.599583 0.118486 1 0 0 16 
8 3 -0.679565 0.137548 1 2.52637e-14 -5.92119e-16 32 
8 3 -0.580864 0.091251 1 1.26319e-14 -2.96059e-16 64 
8 3 -0.562919 0.122868 1 0 2.96059e-16 128 
8 3 -0.593541 0.0339245 1 0 -3.70074e-17 256 
8 3 -0.577693 0.111366 1 -1.26319e-14 0 512 
8 3 -0.520682 0.0471674 1 -1.26319e-14 0 1024 
8 3 -0.579597 0.0228111 1 -1.26319e-14 0 16 
8 3 -0.659623 0.117342 1 1.26319e-14 -2.96059e-16 32 
8 3 -0.570943 0.166563 1 1.26319e-14 -5.92119e-16 64 
8 3 -0.534736 0.169582 1 0 -5.92119e-16 128 
8 3 -0.478666 0.0507516 1 1.26319e-14 0 256 
8 3 -0.507147 0.0888273 1 1.26319e-14 0 512 
8 3 -0.446471 0.115555 1 -1.26319e-14 0 1024 
8 3 -0.670328 0.182499 1 -2.52637e-14 0 16 
8 3 -0.640155 0.071967 1 0 0 32 
8 3 -0.587828 0.197946 1 3.78956e-14 0 64 
8 3 -0.598384 0.0955175 1 1.26319e-14 2.96059e-16 128 
8 3 -0.551386 0.0889892 1 -2.52637e-14 2.96059e-16 256 
8 3 -0.538017 0.057135 1 1.26319e-14 -7.40149e-17 512 
8 3 -0.58437 0.0863346 1 0 -1.4803e-16 1024 
8 3 -0.688504 0.153203 1 2.52637e-14 -5.92119e-16 16 
8 3 -0.469936 0.0349763 1 -2.52637e-14 3.70074e-17 32 
8 3 -0.625348 0.0705969 1 -1.26319e-14 -1.4803e-16 64 
8 3 -0.595818 0.0793395 1 1.26319e-14 0 128 
8 3 -0.566427 0.130241 1 -1.26319e-14 0 256 
8 3 -0.583754 0.175676 1 -1.26319e-14 -5.92119e-16 512 
8 3 -0.540958 0.143224 1 1.26319e-14 0 1024 
8 3 -0.520026 0.0594135 1 -1.26319e-14 0 16 
8 3 -0.600736 0.0710077 1 1.26319e-14 0 32 
8 3 -0.445516 0.0783056 1 1.26319e-14 0 64 
8 3 -0.582424 0.189917 1 1.26319e-14 0 128 
8 3 -0.585118 0.0202635 1 1.26319e-14 -9.25186e-18 256 
8 3 -0.55042 0.0508355 1 0 0 512 
8 3 -0.551995 0.163454 1 1.26319e-14 -5.92119e-16 1024 
8 3 -0.517491 0.135575 1 0 5.92119e-16 16 
8 3 -0.5647 0.170752 1 0 -5.92119e-16 32 
8 3 -0.576399 0.217748 1 1.26319e-14 0 64 
8 3 -0.559228 0.107801 1 2.52637e-14 0 128 
8 3 -0.626256 0.103921 1 2.52637e-14 -2.96059e-16 256 
8 3 -0.608113 0.10618 1 3.78956e-14 -2.96059e-16 512 
8 3 -0.551109 0.152721 1 0 5.92119e-16 1024 
8 3 -0.522847 0.0917367 1 0 0 16 
8 3 -0.476883 0.0166672 1 0 9.25186e-18 32 
8 3 -0.609491 0.089869 1 -3.78956e-14 2.96059e-16 64 
8 3 -0.556037 0.156375 1 1.26319e-14 0 128 
8 3 -0.559602 0.0694603 1 0 0 256 
8 3 -0.495486 0.0754932 1 1.26319e-14 0 512 
8 3 -0.573962 0.0781449 1 0 -1.4803e-16 1024 
8 3 -0.53461 0.178526 1 1.26319e-14 0 16 
8 3 -0.53863 0.0345549 1 -1.26319e-14 0 32 
8 3 -0.568061 0.0141572 1 1.26319e-14 0 64 
8 3 -0.528629 0.0845559 1 -2.52637e-14 0 128 
8 3 -0.547195 0.161488 1 2.52637e-14 0 256 
8 3 -0.617086 0.0767185 1 -2.52637e-14 0 512 
8 3 -0.417382 0.10166 1 1.26319e-14 -2.96059e-16 1024 
8 3 -0.571563 0.155757 1 0 0 16 
8 3 -0.585687 0.0832555 1 -1.26319e-14 -1.4803e-16 32 
8 3 -0.570833 0.144346 1 -2.52637e-14 0 64 
8 3 -0.528993 0.0948363 1 1.26319e-14 0 128 
8 3 -0.592894 0.0550218 1 1.26319e-14 0 256 
8 3 -0.764999 0.0352202 1 0 3.70074e-17 512 
8 3 -0.607788 0.165004 1 1.26319e-14 0 1024 
8 3 -0.645165 0.104984 1 0 0 16 
8 3 -0.569889 0.0752334 1 -1.26319e-14 -1.4803e-16 32 
8 3 -0.536246 0.0657812 1 0 -1.4803e-16 64 
8 3 -0.494091 0.072182 1 -2.52637e-14 1.4803e-16 128 
8 3 -0.61075 0.0651739 1 0 1.4803e-16 256 
8 3 -0.623368 0.200627 1 0 1.18424e-15 512 
8 3 -0.591435 0.140449 1 1.26319e-14 -5.92119e-16 1024 
8 3 -0.54274 0.0618472 1 -1.26319e-14 7.40149e-17 16 
8 3 -0.642116 0.105196 1 -1.26319e-14 -2.96059e-16 32 
8 3 -0.702554 0.0703532 1 2.52637e-14 -1.4803e-16 64 
8 3 -0.615332 0.104622 1 1.26319e-14 0 128 
8 3 -0.633348 0.0484399 1 -1.26319e-14 0 256 
8 3 -0.423144 0.0861683 1 2.52637e-14 -1.4803e-16 512 
8 3 -0.518511 0.00207284 1 1.26319e-14 -1.4456e-19 1024 
8 3 -0.675998 0.0195002 1 2.52637e-14 0 16 
8 3 -0.545157 0.0226579 1 0 0 32 
8 3 -0.568709 0.0939645 1 0 2.96059e-16 64 
8 3 -0.593082 0.0471176 1 0 -7.40149e-17 128 
8 3 -0.484988 0.115144 1 1.26319e-14 -2.96059e-16 256 
8 3 -0.605304 0.27816 1 1.26319e-14 0 512 
8 3 -0.50915 0.0737376 1 -1.26319e-14 0 1024 
8 3 -0.531839 0.119218 1 0 2.96059e-16 16 
8 3 -0.48114 0.0375461 1 1.26319e-14 0 32 
8 3 -0.645067 0.156771 1 -2.52637e-14 5.92119e-16 64 
8 3 -0.506411 0.0931228 1 0 0 128 
8 3 -0.512815 0.108779 1 0 0 256 
8 3 -0.478989 0.0280617 1 -1.26319e-14 0 512 
8 3 -0.568235 0.121149 1 -2.52637e-14 2.96059e-16 1024 
8 3 -0.479643 0.0205551 1 -2.52637e-14 9.25186e-18 16 
8 3 -0.587816 0.230646 1 1.26319e-14 1.18424e-15 32 
8 3 -0.562143 0.132763 1 -1.26319e-14 0 64 
8 3 -0.609775 0.0860893 1 0 -1.4803e-16 128 
8 3 -0.676122 0.143542 1 -2.52637e-14 5.92119e-16 256 
8 3 -0.585502 0.123879 1 1.26319e-14 2.96059e-16 512 
8 3 -0.699822 0.169666 1 -2.52637e-14 0 1024 
8 3 -0.633266 0.0695086 1 0 -1.4803e-16 16 
8 3 -0.56681 0.0600672 1 0 0 32 
8 3 -0.464275 0.0799857 1 -1.26319e-14 0 64 
8 3 -0.591869 0.10137 1 0 0 128 
8 3 -0.526785 0.0623364 1 -1.26319e-14 7.40149e-17 256 
8 3 -0.499568 0.154893 1 -1.26319e-14 5.92119e-16 512 
8 3 -0.587621 0.049203 1 1.26319e-14 -7.40149e-17 1024 
8 3 -0.653304 0.0755289 1 -1.26319e-14 -1.4803e-16 16 
8 3 -0.571903 0.0143613 1 2.52637e-14 0 32 
8 3 -0.555391 0.0739432 1 1.26319e-14 1.4803e-16 64 
8 3 -0.573906 0.226074 1 -1.26319e-14 0 128 
8 3 -0.52895 0.165232 1 3.78956e-14 -5.92119e-16 256 
8 3 -0.554953 0.15357 1 -1.26319e-14 0 512 
8 3 -0.569265 0.0593149 1 -2.52637e-14 0 1024 
8 3 -0.541604 0.0801943 1 -2.52637e-14 1.4803e-16 16 
8 3 -0.722757 0.178817 1 -2.52637e-14 -1.18424e-15 32 
8 3 -0.435432 0.0683427 1 -1.26319e-14 -1.4803e-16 64 
8 3 -0.576668 0.107212 1 -1.26319e-14 0 128 
8 3 -0.693381 0.144489 1 0 0 256 
8 3 -0.641547 0.146802 1 0 0 512 
8 3 -0.598625 0.0980871 1 0 2.96059e-16 1024 
8 3 -0.691624 0.224989 1 0 0 16 
8 3 -0.635132 0.131046 1 -1.26319e-14 -5.92119e-16 32 
8 3 -0.581018 0.117712 1 -1.26319e-14 0 64 
8 3 -0.698904 0.138016 1 0 0 128 
8 3 -0.640338 0.121546 1 0 0 256 
8 3 -0.5453 0.0299383 1 0 1.85037e-17 512 
8 3 -0.503453 0.0513538 1 1.26319e-14 0 1024 
8 3 -0.578067 0.157216 1 0 5.92119e-16 16 
8 3 -0.578677 0.0623959 1 0 0 32 
8 3 -0.457635 0.03213 1 -1.26319e-14 -3.70074e-17 64 
8 3 -0.61291 0.097456 1 -2.52637e-14 0 128 
8 3 -0.674011 0.106244 1 2.52637e-14 2.96059e-16 256 
8 3 -0.710248 0.15339 1 2.52637e-14 0 512 
8 3 -0.531981 0.021253 1 2.52637e-14 0 1024 
8 3 -0.510843 0.036119 1 1.26319e-14 3.70074e-17 16 
8 3 -0.596954 0.0542687 1 1.26319e-14 -7.40149e-17 32 
8 3 -0.577506 0.140934 1 0 5.92119e-16 64 
8 3 -0.540998 0.116885 1 -2.52637e-14 2.96059e-16 128 
8 3 -0.548349 0.10722 1 0 0 256 
8 3 -0.489016 0.0701467 1 0 0 512 
8 3 -0.557765 0.081358 1 1.26319e-14 -1.4803e-16 1024 
8 3 -0.564045 0.018151 1 2.52637e-14 0 16 
8 3 -0.467778 0.0369079 1 1.26319e-14 -3.70074e-17 32 
8 3 -0.498743 0.151247 1 0 0 64 
8 3 -0.46432 0.110332 1 0 0 128 
8 3 -0.468289 0.0510909 1 1.26319e-14 0 256 
8 3 -0.62715 0.20641 1 2.52637e-14 -1.18424e-15 512 
8 3 -0.50841 0.084209 1 0 0 1024 
8 3 -0.713958 0.109018 1 0 0 2048 
8 3 -0.511817 0.136447 1 0 5.92119e-16 4096 
8 3 -0.504612 0.0868977 1 0 0 2048 
8 3 -0.632997 0.0445641 1 0 7.40149e-17 4096 
8 3 -0.603759 0.175337 1 0 -5.92119e-16 2048 
8 3 -0.571898 0.111258 1 0 0 4096 
8 3 -0.547042 0.0895683 1 0 0 2048 
8 3 -0.646747 0.0566438 1 1.26319e-14 0 4096 
8 3 -0.580838 0.0503092 1 0 0 2048 
8 3 -0.486321 0.0318886 1 1.26319e-14 0 4096 
8 3 -0.662213 0.233238 1 1.26319e-14 0 2048 
8 3 -0.521726 0.0720634 1 2.52637e-14 0 4096 
8 3 -0.55009 0.0130302 1 1.26319e-14 4.62593e-18 2048 
8 3 -0.475359 0.108555 1 1.26319e-14 0 4096 
8 3 -0.565515 0.168349 1 0 -5.92119e-16 2048 
8 3 -0.556714 0.0495975 1 0 0 4096 
8 3 -0.651372 0.109725 1 -1.26319e-14 2.96059e-16 2048 
8 3 -0.689535 0.147216 1 0 -5.92119e-16 4096 
8 3 -0.593033 0.015776 1 1.26319e-14 0 2048 
8 3 -0.5008 0.0676667 1 0 0 4096 
8 3 -0.490085 0.0832556 1 0 1.4803e-16 2048 
8 3 -0.476694 0.0394399 1 0 -3.70074e-17 4096 
8 3 -0.637055 0.19603 1 0 0 2048 
8 3 -0.55444 0.1149 1 0 0 4096 
8 3 -0.573932 0.0582677 1 -2.52637e-14 -7.40149e-17 2048 
8 3 -0.497701 0.0702639 1 -1.26319e-14 1.4803e-16 4096 
8 3 -0.578119 0.0326543 1 1.26319e-14 0 2048 
8 3 -0.660883 0.168332 1 -2.52637e-14 5.92119e-16 4096 
8 3 -0.52274 0.107735 1 -1.26319e-14 0 2048 
8 3 -0.621827 0.185455 1 -2.52637e-14 -1.18424e-15 4096 
8 3 -0.577933 0.142647 1 2.52637e-14 5.92119e-16 2048 
8 3 -0.655568 0.271095 1 2.52637e-14 -2.36848e-15 4096 
8 3 -0.485498 0.0763196 1 0 0 2048 
8 3 -0.474393 0.0929737 1 0 0 4096 
8 3 -0.557961 0.0342988 1 -1.26319e-14 0 2048 
8 3 -0.622939 0.172596 1 -1.26319e-14 0 4096 
8 3 -0.598777 0.177422 1 1.26319e-14 1.18424e-15 2048 
8 3 -0.525438 0.0962742 1 0 0 4096 
8 3 -0.619681 0.198488 1 1.26319e-14 -1.18424e-15 2048 
8 3 -0.540216 0.104747 1 1.26319e-14 2.96059e-16 4096 
8 3 -0.534079 0.0741395 1 1.26319e-14 0 2048 
8 3 -0.571931 0.201895 1 1.26319e-14 -1.18424e-15 4096 
8 3 -0.614076 0.0875829 1 -1.26319e-14 0 2048 
8 3 -0.670506 0.186413 1 0 0 4096 
8 3 -0.521536 0.104488 1 -1.26319e-14 0 2048 
8 3 -0.561237 0.047592 1 1.26319e-14 -7.40149e-17 4096 
8 3 -0.542355 0.0768284 1 -1.26319e-14 0 2048 
8 3 -0.564739 0.0806925 1 1.26319e-14 1.4803e-16 4096 
8 3 -0.630631 0.0778378 1 0 0 2048 
8 3 -0.626225 0.0516682 1 0 -7.40149e-17 4096 
8 3 -0.606173 0.112101 1 -1.26319e-14 -2.96059e-16 2048 
8 3 -0.509149 0.0965303 1 0 0 4096 
8 3 -0.657819 0.181145 1 1.26319e-14 1.18424e-15 2048 
8 3 -0.525679 0.0781522 1 -2.52637e-14 -1.4803e-16 4096 
8 3 -0.581182 0.0976108 1 1.26319e-14 -2.96059e-16 2048 
8 3 -0.620929 0.138157 1 0 -5.92119e-16 4096 
8 3 -0.589714 0.140539 1 0 -5.92119e-16 2048 
8 3 -0.577353 0.197599 1 1.26319e-14 -1.18424e-15 4096 
8 3 -0.537689 0.0708729 1 -2.52637e-14 0 2048 
8 3 -0.589211 0.0960781 1 1.26319e-14 0 4096 
8 3 -0.506522 0.106973 1 0 0 2048 
8 3 -0.560079 0.0475439 1 0 0 4096 
8 3 -0.549817 0.0785078 1 1.26319e-14 1.4803e-16 2048 
8 3 -0.600221 0.0190507 1 0 0 4096 
8 3 -0.525484 0.0806043 1 2.52637e-14 0 2048 
8 3 -0.540344 0.0497691 1 -1.26319e-14 0 4096 
8 3 -0.649959 0.052231 1 1.26319e-14 7.40149e-17 2048 
8 3 -0.568524 0.0578685 1 1.26319e-14 0 4096 
8 3 -0.70928 0.124887 1 -2.52637e-14 -2.96059e-16 2048 
8 3 -0.509802 0.112193 1 0 0 4096 
8 3 -0.611904 0.107351 1 0 0 2048 
8 3 -0.64317 0.0504407 1 1.26319e-14 0 4096 
8 3 -0.449047 0.0387019 1 0 -3.70074e-17 2048 
8 3 -0.512556 0.0781661 1 0 0 4096 
8 3 -0.570542 0.0867141 1 0 -1.4803e-16 2048 
8 3 -0.587609 0.153198 1 1.26319e-14 0 4096 
8 3 -0.652386 0.13945 1 -1.26319e-14 5.92119e-16 2048 
8 3 -0.654381 0.0949082 1 0 0 4096 
8 3 -0.638541 0.0799904 1 1.26319e-14 -1.4803e-16 2048 
8 3 -0.51938 0.118913 1 2.52637e-14 0 4096 
8 3 -0.598241 0.113879 1 -1.26319e-14 2.96059e-16 2048 
8 3 -0.556761 0.102181 1 -2.52637e-14 0 4096 
8 3 -0.550744 0.0890908 1 2.52637e-14 0 2048 
8 3 -0.461713 0.108657 1 -1.26319e-14 0 4096 
8 3 -0.511671 0.141535 1 0 0 2048 
8 3 -0.478781 0.0654182 1 0 -1.4803e-16 4096 
8 3 -0.603561 0.098501 1 1.26319e-14 -2.96059e-16 2048 
8 3 -0.680867 0.198933 1 -2.52637e-14 -1.18424e-15 4096 
8 3 -0.614416 0.142119 1 0 0 2048 
8 3 -0.578388 0.124291 1 2.52637e-14 0 4096 
8 3 -0.544337 0.0806757 1 1.26319e-14 -1.4803e-16 2048 
8 3 -0.499386 0.129226 1 0 -5.92119e-16 4096 
8 3 -0.566964 0.062833 1 2.52637e-14 -1.4803e-16 2048 
8 3 -0.582146 0.0826231 1 1.26319e-14 -1.4803e-16 4096 
8 3 -0.612215 0.0947146 1 -2.52637e-14 0 2048 
8 3 -0.409252 0.0549869 1 0 0 4096 
8 3 -0.51244 0.0994054 1 1.26319e-14 2.96059e-16 2048 
8 3 -0.537173 0.106794 1 -1.26319e-14 0 4096 
8 3 -0.385416 0.0446413 1 -1.26319e-14 0 2048 
8 3 -0.463469 0.109369 1 0 0 4096 
8 3 -0.605915 0.192467 1 -1.26319e-14 0 2048 
8 3 -0.550566 0.08216 1 0 -1.4803e-16 4096 
8 3 -0.569991 0.143099 1 1.26319e-14 0 2048 
8 3 -0.613046 0.15784 1 1.26319e-14 5.92119e-16 4096 
8 3 -0.610982 0.0461728 1 -1.26319e-14 7.40149e-17 2048 
8 3 -0.574106 0.12816 1 0 0 4096 
8 3 -0.528591 0.0363708 1 0 -3.70074e-17 2048 
8 3 -0.697043 0.166452 1 2.52637e-14 -5.92119e-16 4096 
8 3 -0.557989 0.0577071 1 1.26319e-14 0 2048 
8 3 -0.451335 0.139227 1 0 0 4096 
8 3 -0.623937 0.0266419 1 0 1.85037e-17 2048 
8 3 -0.548123 0.10922 1 -1.26319e-14 0 4096 
8 3 -0.676305 0.171694 1 0 5.92119e-16 2048 
8 3 -0.435471 0.0333132 1 -1.26319e-14 0 4096 
8 3 -0.548429 0.0671421 1 1.26319e-14 1.4803e-16 2048 
8 3 -0.488163 0.0360611 1 -1.26319e-14 0 4096 
8 3 -0.577357 0.114655 1 0 0 2048 
8 3 -0.660222 0.250582 1 2.52637e-14 2.36848e-15 4096 
8 3 -0.495548 0.114893 1 2.52637e-14 -2.96059e-16 2048 
8 3 -0.628259 0.0390214 1 0 -3.70074e-17 4096 
8 3 -0.669326 0.0975249 1 0 0 2048 
8 3 -0.61831 0.0801202 1 0 -1.4803e-16 4096 
8 3 -0.500555 0.135517 1 1.26319e-14 -5.92119e-16 2048 
8 3 -0.617795 0.0362629 1 -1.26319e-14 -3.70074e-17 4096 
8 3 -0.57605 0.0478573 1 0 -7.40149e-17 2048 
8 3 -0.520796 0.136027 1 0 0 4096 
8 3 -0.610611 0.0996087 1 1.26319e-14 0 2048 
8 3 -0.459323 0.0372535 1 1.26319e-14 0 4096 
8 3 -0.60869 0.118461 1 1.26319e-14 0 2048 
8 3 -0.571834 0.058637 1 -1.26319e-14 7.40149e-17 4096 
8 3 -0.581056 0.179277 1 -1.26319e-14 0 2048 
8 3 -0.50216 0.0372779 1 0 3.70074e-17 4096 
8 3 -0.622605 0.016384 1 1.26319e-14 -9.25186e-18 2048 
8 3 -0.626391 0.246416 1 0 1.18424e-15 4096 
8 3 -0.570392 0.143933 1 0 0 2048 
8 3 -0.651616 0.128802 1 0 -5.92119e-16 4096 
8 3 -0.556587 0.0684801 1 -1.26319e-14 0 2048 
8 3 -0.539628 0.0351406 1 0 0 4096 
8 3 -0.449215 0.0492304 1 0 0 2048 
8 3 -0.686679 0.142729 1 0 5.92119e-16 4096 
8 3 -0.498667 0.0255202 1 1.26319e-14 -1.85037e-17 2048 
8 3 -0.525693 0.0866006 1 1.26319e-14 1.4803e-16 4096 
8 3 -0.58602 0.0484227 1 1.26319e-14 0 2048 
8 3 -0.617368 0.0795394 1 -2.52637e-14 0 4096 
8 3 -0.507606 0.0360444 1 2.52637e-14 3.70074e-17 2048 
8 3 -0.460627 0.04928 1 0 0 4096 
8 3 -0.633477 0.0972854 1 -1.26319e-14 0 2048 
8 3 -0.542797 0.102025 1 0 0 4096 
8 3 -0.582318 0.111098 1 -2.52637e-14 0 2048 
8 3 -0.625954 0.086398 1 1.26319e-14 -1.4803e-16 4096 
8 3 -0.51426 0.100764 1 -1.26319e-14 0 2048 
8 3 -0.584749 0.0700368 1 0 -1.4803e-16 4096 
8 3 -0.689964 0.141266 1 -2.52637e-14 0 2048 
8 3 -0.605352 0.196752 1 0 -1.18424e-15 4096 
8 3 -0.591167 0.178681 1 2.52637e-14 1.18424e-15 2048 
8 3 -0.585902 0.0921152 1 0 2.96059e-16 4096 
8 3 -0.464507 0.147982 1 0 0 2048 
8 3 -0.610519 0.125103 1 -1.26319e-14 0 4096 
8 3 -0.536268 0.0664773 1 1.26319e-14 1.4803e-16 2048 
8 3 -0.558939 0.0566504 1 0 0 4096 
8 3 -0.58344 0.0741188 1 -1.26319e-14 0 2048 
8 3 -0.549608 0.0309419 1 0 -1.85037e-17 4096 
8 3 -0.722007 0.0144728 1 0 -4.62593e-18 2048 
8 3 -0.692413 0.207195 1 0 0 4096 
8 3 -0.598902 0.100796 1 -1.26319e-14 0 2048 
8 3 -0.483554 0.155099 1 -1.26319e-14 -5.92119e-16 4096 
8 3 -0.613485 0.0207911 1 0 -9.25186e-18 2048 
8 3 -0.540857 0.109916 1 1.26319e-14 2.96059e-16 4096 
8 3 -0.55082 0.0811849 1 -1.26319e-14 1.4803e-16 2048 
8 3 -0.616821 0.0336832 1 1.26319e-14 -3.70074e-17 4096 
8 3 -0.613619 0.0729406 1 0 0 2048 
8 3 -0.741306 0.168433 1 2.52637e-14 0 4096 
8 3 -0.649303 0.151376 1 -1.26319e-14 0 2048 
8 3 -0.607902 0.0557244 1 -3.78956e-14 -7.40149e-17 4096 
8 3 -0.523201 0.145945 1 -1.26319e-14 0 2048 
8 3 -0.642866 0.0647592 1 -1.26319e-14 0 4096 
8 3 -0.588931 0.088659 1 1.26319e-14 2.96059e-16 2048 
8 3 -0.642319 0.156525 1 0 0 4096 
8 3 -0.60845 0.137737 1 -2.52637e-14 5.92119e-16 2048 
8 3 -0.54 0.0185803 1 -1.26319e-14 0 4096 
8 3 -0.613945 0.0802992 1 -1.26319e-14 1.4803e-16 2048 
8 3 -0.492209 0.162961 1 1.26319e-14 5.92119e-16 4096 
8 3 -0.530455 0.011915 1 -2.52637e-14 0 2048 
8 3 -0.608602 0.0450696 1 1.26319e-14 0 4096 
8 3 -0.545085 0.159669 1 1.26319e-14 0 2048 
8 3 -0.664004 0.0272812 1 2.52637e-14 1.85037e-17 4096 
8 3 -0.55831 0.155655 1 0 0 2048 
8 3 -0.60485 0.0543682 1 -1.26319e-14 0 4096 
8 3 -0.560719 0.11116 1 0 0 2048 
8 3 -0.505007 0.0122368 1 2.52637e-14 4.62593e-18 4096 
8 3 -0.506419 0.0700859 1 0 0 2048 
8 3 -0.533248 0.0774338 1 1.26319e-14 1.4803e-16 4096 
8 3 -0.535355 0.0671577 1 -1.26319e-14 -1.4803e-16 2048 
8 3 -0.584297 0.0745795 1 -1.26319e-14 -1.4803e-16 4096 
8 3 -0.700062 0.139076 1 0 5.92119e-16 2048 
8 3 -0.514973 0.104026 1 1.26319e-14 0 4096 
8 3 -0.587595 0.0500568 1 -1.26319e-14 0 2048 
8 3 -0.49303 0.0840513 1 0 0 4096 
8 3 -0.584624 0.0459375 1 -1.26319e-14 0 2048 
8 3 -0.590503 0.15661 1 1.26319e-14 0 4096 
