4 2.2 -1.46929 0.615156 1 -1.17445e-14 0 16 
4 2.2 -1.08948 0.426668 1 -5.87225e-15 0 32 
4 2.2 -1.3479 0.570606 1 0 1.61487e-15 64 
4 2.2 -1.55735 0.63647 1 -1.17445e-14 0 128 
4 2.2 -1.72741 0.740411 1 1.17445e-14 0 256 
4 2.2 -0.899829 0.237504 1 0 0 16 
4 2.2 -1.76389 0.743747 1 -1.17445e-14 -3.22974e-15 32 
4 2.2 -1.11908 0.477813 1 -5.87225e-15 8.07435e-16 64 
4 2.2 -1.05492 0.506466 1 -5.87225e-15 1.61487e-15 128 
4 2.2 -0.928042 0.250636 1 -5.87225e-15 0 256 
4 2.2 -1.47101 0.676683 1 0 -1.61487e-15 16 
4 2.2 -1.37042 0.584682 1 0 1.61487e-15 32 
4 2.2 -0.973734 0.439629 1 5.87225e-15 8.07435e-16 64 
4 2.2 -1.2301 0.557142 1 0 -1.61487e-15 128 
4 2.2 -0.741456 0.186586 1 0 -2.01859e-16 256 
4 2.2 -0.982218 0.43771 1 0 0 16 
4 2.2 -1.15378 0.480959 1 0 -8.07435e-16 32 
4 2.2 -1.41032 0.645342 1 0 -1.61487e-15 64 
4 2.2 -1.07915 0.571224 1 0 -1.61487e-15 128 
4 2.2 -1.28184 0.397293 1 0 -8.07435e-16 256 
4 2.2 -1.16464 0.558617 1 5.87225e-15 1.61487e-15 16 
4 2.2 -0.929086 0.401898 1 0 0 32 
4 2.2 -0.923765 0.445317 1 0 -8.07435e-16 64 
4 2.2 -1.61263 0.640878 1 1.17445e-14 1.61487e-15 128 
4 2.2 -1.1779 0.585563 1 -5.87225e-15 -1.61487e-15 256 
4 2.2 -1.42364 0.614972 1 0 1.61487e-15 16 
4 2.2 -1.56512 0.663666 1 0 1.61487e-15 32 
4 2.2 -1.65797 0.720226 1 -1.17445e-14 0 64 
4 2.2 -0.708404 0.291251 1 0 0 128 
4 2.2 -1.47727 0.659679 1 0 -1.61487e-15 256 
4 2.2 -1.40661 0.610782 1 1.17445e-14 1.61487e-15 16 
4 2.2 -0.809072 0.410303 1 -5.87225e-15 8.07435e-16 32 
4 2.2 -1.87391 0.7059 1 0 -1.61487e-15 64 
4 2.2 -0.910168 0.464648 1 0 8.07435e-16 128 
4 2.2 -1.22562 0.552813 1 -5.87225e-15 0 256 
4 2.2 -1.14893 0.524449 1 5.87225e-15 1.61487e-15 16 
4 2.2 -0.521253 0.355231 1 2.93613e-15 -8.07435e-16 32 
4 2.2 -1.13748 0.460229 1 -5.87225e-15 8.07435e-16 64 
4 2.2 -1.44479 0.51862 1 -1.17445e-14 0 128 
4 2.2 -1.48562 0.598508 1 0 0 256 
4 2.2 -0.783964 0.456386 1 0 0 16 
4 2.2 -0.670247 0.244992 1 0 0 32 
4 2.2 -1.04862 0.49491 1 -5.87225e-15 0 64 
4 2.2 -1.46624 0.611731 1 0 -1.61487e-15 128 
4 2.2 -1.81376 0.760564 1 0 0 256 
4 2.2 -1.40704 0.595607 1 -1.17445e-14 -1.61487e-15 16 
4 2.2 -0.863426 0.283515 1 0 0 32 
4 2.2 -0.813312 0.285937 1 0 4.03717e-16 64 
4 2.2 -0.833977 0.235622 1 -5.87225e-15 2.01859e-16 128 
4 2.2 -0.99312 0.351496 1 -5.87225e-15 -4.03717e-16 256 
4 2.2 -0.701376 0.302416 1 1.17445e-14 4.03717e-16 16 
4 2.2 -0.695315 0.338364 1 5.87225e-15 -4.03717e-16 32 
4 2.2 -1.27998 0.59362 1 -5.87225e-15 -1.61487e-15 64 
4 2.2 -1.41424 0.648261 1 0 -1.61487e-15 128 
4 2.2 -1.50755 0.666117 1 -1.17445e-14 1.61487e-15 256 
4 2.2 -0.707364 0.224938 1 0 0 16 
4 2.2 -1.55025 0.636235 1 -1.17445e-14 0 32 
4 2.2 -1.50109 0.623695 1 0 0 64 
4 2.2 -1.47635 0.629252 1 0 0 128 
4 2.2 -0.938037 0.478639 1 -5.87225e-15 8.07435e-16 256 
4 2.2 -0.489602 0.153356 1 -2.93613e-15 1.00929e-16 16 
4 2.2 -0.73658 0.0980566 1 0 0 32 
4 2.2 -0.552998 0.36716 1 2.93613e-15 0 64 
4 2.2 -1.24031 0.506373 1 -1.17445e-14 0 128 
4 2.2 -1.1028 0.54831 1 -5.87225e-15 0 256 
4 2.2 -0.994215 0.405573 1 5.87225e-15 -8.07435e-16 16 
4 2.2 -1.64101 0.662569 1 0 0 32 
4 2.2 -1.37698 0.529793 1 -1.17445e-14 1.61487e-15 64 
4 2.2 -1.37816 0.645916 1 1.17445e-14 -1.61487e-15 128 
4 2.2 -1.41874 0.572263 1 -1.17445e-14 -1.61487e-15 256 
4 2.2 -0.661889 0.355545 1 2.93613e-15 0 16 
4 2.2 -0.929187 0.462246 1 -5.87225e-15 -8.07435e-16 32 
4 2.2 -1.27937 0.598898 1 5.87225e-15 -1.61487e-15 64 
4 2.2 -0.910863 0.472531 1 5.87225e-15 0 128 
4 2.2 -1.15779 0.533812 1 0 -1.61487e-15 256 
4 2.2 -1.20774 0.604904 1 0 0 16 
4 2.2 -0.942422 0.447886 1 -1.17445e-14 8.07435e-16 32 
4 2.2 -1.03537 0.508168 1 5.87225e-15 -1.61487e-15 64 
4 2.2 -1.43013 0.642221 1 0 0 128 
4 2.2 -0.960491 0.423484 1 0 -8.07435e-16 256 
4 2.2 -0.822446 0.260398 1 0 4.03717e-16 16 
4 2.2 -0.984758 0.525598 1 0 1.61487e-15 32 
4 2.2 -0.636365 0.360639 1 -2.93613e-15 0 64 
4 2.2 -1.09606 0.523253 1 0 0 128 
4 2.2 -1.87441 0.733035 1 -1.17445e-14 0 256 
4 2.2 -0.493048 0.155805 1 -2.93613e-15 -1.00929e-16 16 
4 2.2 -1.14219 0.569329 1 0 1.61487e-15 32 
4 2.2 -1.42188 0.653049 1 0 0 64 
4 2.2 -1.13831 0.533134 1 -5.87225e-15 -1.61487e-15 128 
4 2.2 -1.14722 0.552255 1 0 1.61487e-15 256 
4 2.2 -0.892022 0.426958 1 0 8.07435e-16 16 
4 2.2 -1.21976 0.492381 1 5.87225e-15 0 32 
4 2.2 -1.37405 0.637244 1 0 1.61487e-15 64 
4 2.2 -0.741096 0.303046 1 0 -4.03717e-16 128 
4 2.2 -1.62658 0.679675 1 0 0 256 
4 2.2 -0.703293 0.337315 1 0 0 16 
4 2.2 -1.22531 0.54696 1 -5.87225e-15 0 32 
4 2.2 -0.615043 0.238683 1 -2.93613e-15 -2.01859e-16 64 
4 2.2 -1.63325 0.674854 1 0 0 128 
4 2.2 -1.03106 0.504204 1 -1.17445e-14 1.61487e-15 256 
4 2.2 -1.05115 0.480944 1 0 8.07435e-16 16 
4 2.2 -1.37888 0.606 1 0 1.61487e-15 32 
4 2.2 -1.00514 0.556191 1 -5.87225e-15 0 64 
4 2.2 -0.881983 0.519631 1 0 -1.61487e-15 128 
4 2.2 -1.26987 0.511788 1 0 0 256 
4 2.2 -0.914042 0.254325 1 0 4.03717e-16 16 
4 2.2 -1.3617 0.58287 1 0 1.61487e-15 32 
4 2.2 -1.17962 0.582499 1 -5.87225e-15 -1.61487e-15 64 
4 2.2 -1.01257 0.43292 1 0 0 128 
4 2.2 -1.41892 0.670405 1 0 0 256 
4 2.2 -0.726164 0.237013 1 -5.87225e-15 2.01859e-16 16 
4 2.2 -1.43566 0.611311 1 0 -1.61487e-15 32 
4 2.2 -1.20384 0.540327 1 5.87225e-15 0 64 
4 2.2 -0.449426 0.0256571 1 2.93613e-15 0 128 
4 2.2 -1.4091 0.601335 1 0 0 256 
4 2.2 -1.09029 0.485591 1 5.87225e-15 -8.07435e-16 16 
4 2.2 -1.13735 0.435888 1 5.87225e-15 0 32 
4 2.2 -1.35043 0.614556 1 1.17445e-14 1.61487e-15 64 
4 2.2 -1.26086 0.588503 1 -5.87225e-15 1.61487e-15 128 
4 2.2 -0.609315 0.161761 1 0 0 256 
4 2.2 -0.798556 0.37147 1 0 0 16 
4 2.2 -1.50372 0.667447 1 2.3489e-14 0 32 
4 2.2 -1.61032 0.608449 1 0 -1.61487e-15 64 
4 2.2 -0.971027 0.405675 1 5.87225e-15 -8.07435e-16 128 
4 2.2 -1.33011 0.518302 1 -5.87225e-15 1.61487e-15 256 
4 2.2 -1.70824 0.681914 1 0 -1.61487e-15 16 
4 2.2 -0.896209 0.44172 1 0 -8.07435e-16 32 
4 2.2 -1.18511 0.558951 1 -5.87225e-15 -1.61487e-15 64 
4 2.2 -1.24739 0.585339 1 0 0 128 
4 2.2 -1.0657 0.527557 1 0 -1.61487e-15 256 
4 2.2 -1.64156 0.72115 1 1.17445e-14 3.22974e-15 16 
4 2.2 -1.1564 0.245702 1 5.87225e-15 -2.01859e-16 32 
4 2.2 -0.65371 0.219812 1 0 0 64 
4 2.2 -1.74494 0.712532 1 1.17445e-14 -3.22974e-15 128 
4 2.2 -1.31899 0.616047 1 5.87225e-15 1.61487e-15 256 
4 2.2 -1.08742 0.392749 1 -5.87225e-15 0 16 
4 2.2 -1.34308 0.57338 1 1.17445e-14 -1.61487e-15 32 
4 2.2 -0.721678 0.0830635 1 5.87225e-15 -2.52323e-17 64 
4 2.2 -0.997322 0.389611 1 0 0 128 
4 2.2 -0.992329 0.49183 1 0 0 256 
4 2.2 -0.891366 0.458356 1 5.87225e-15 0 16 
4 2.2 -1.378 0.590051 1 0 1.61487e-15 32 
4 2.2 -1.17536 0.566859 1 -5.87225e-15 0 64 
4 2.2 -0.824005 0.390404 1 5.87225e-15 -8.07435e-16 128 
4 2.2 -1.21726 0.571435 1 5.87225e-15 0 256 
4 2.2 -1.10587 0.316438 1 0 -4.03717e-16 16 
4 2.2 -0.895413 0.456305 1 0 0 32 
4 2.2 -1.29111 0.614361 1 0 1.61487e-15 64 
4 2.2 -0.832373 0.247486 1 -5.87225e-15 2.01859e-16 128 
4 2.2 -1.01314 0.507562 1 1.17445e-14 0 256 
4 2.2 -0.854982 0.474752 1 0 -8.07435e-16 16 
4 2.2 -1.56734 0.661145 1 0 0 32 
4 2.2 -0.56003 0.151969 1 0 0 64 
4 2.2 -1.22481 0.516027 1 1.76168e-14 -1.61487e-15 128 
4 2.2 -1.26072 0.596369 1 5.87225e-15 1.61487e-15 256 
4 2.2 -0.775987 0.312764 1 -5.87225e-15 -4.03717e-16 16 
4 2.2 -1.05166 0.548292 1 -5.87225e-15 -1.61487e-15 32 
4 2.2 -1.42773 0.581145 1 0 0 64 
4 2.2 -1.46451 0.656788 1 1.17445e-14 1.61487e-15 128 
4 2.2 -1.14198 0.478627 1 -5.87225e-15 -8.07435e-16 256 
4 2.2 -0.866024 0.315716 1 -5.87225e-15 -4.03717e-16 16 
4 2.2 -1.20892 0.448113 1 5.87225e-15 -8.07435e-16 32 
4 2.2 -1.26437 0.513062 1 5.87225e-15 0 64 
4 2.2 -1.533 0.663898 1 1.17445e-14 -1.61487e-15 128 
4 2.2 -1.02945 0.504644 1 5.87225e-15 1.61487e-15 256 
4 2.2 -0.681271 0.0881877 1 -5.87225e-15 -2.52323e-17 16 
4 2.2 -1.35957 0.57566 1 1.17445e-14 -1.61487e-15 32 
4 2.2 -1.68991 0.721343 1 0 3.22974e-15 64 
4 2.2 -1.48489 0.673396 1 -1.17445e-14 -1.61487e-15 128 
4 2.2 -1.46732 0.631208 1 0 -1.61487e-15 256 
4 2.2 -0.994494 0.415997 1 1.17445e-14 0 16 
4 2.2 -1.31809 0.546196 1 1.76168e-14 -1.61487e-15 32 
4 2.2 -1.67574 0.729947 1 2.3489e-14 0 64 
4 2.2 -0.748407 0.43977 1 5.87225e-15 8.07435e-16 128 
4 2.2 -1.37647 0.616479 1 0 0 256 
4 2.2 -1.01521 0.556398 1 0 0 16 
4 2.2 -1.17631 0.610345 1 5.87225e-15 -1.61487e-15 32 
4 2.2 -1.43532 0.629269 1 -1.17445e-14 0 64 
4 2.2 -1.35128 0.583756 1 1.17445e-14 0 128 
4 2.2 -0.772273 0.361851 1 -5.87225e-15 0 256 
4 2.2 -1.61168 0.692884 1 -1.17445e-14 -1.61487e-15 16 
4 2.2 -1.28025 0.575931 1 -5.87225e-15 0 32 
4 2.2 -0.858995 0.167249 1 -5.87225e-15 0 64 
4 2.2 -1.11416 0.543134 1 0 1.61487e-15 128 
4 2.2 -0.941472 0.474163 1 5.87225e-15 8.07435e-16 256 
4 2.2 -0.962201 0.383523 1 5.87225e-15 0 16 
4 2.2 -1.53541 0.640528 1 0 1.61487e-15 32 
4 2.2 -1.45333 0.649178 1 1.17445e-14 1.61487e-15 64 
4 2.2 -0.999872 0.464126 1 5.87225e-15 0 128 
4 2.2 -0.880732 0.441699 1 -5.87225e-15 8.07435e-16 256 
4 2.2 -0.512747 0.133283 1 -2.93613e-15 0 16 
4 2.2 -1.49173 0.624637 1 0 -1.61487e-15 32 
4 2.2 -0.376724 0.132147 1 0 0 64 
4 2.2 -1.24235 0.509984 1 0 0 128 
4 2.2 -1.39415 0.619154 1 1.17445e-14 -1.61487e-15 256 
4 2.2 -1.44483 0.6418 1 0 1.61487e-15 16 
4 2.2 -1.36829 0.602131 1 0 0 32 
4 2.2 -1.88585 0.730783 1 0 0 64 
4 2.2 -1.02643 0.476439 1 -5.87225e-15 -8.07435e-16 128 
4 2.2 -0.955167 0.477562 1 0 0 256 
4 2.2 -1.01756 0.434583 1 0 0 16 
4 2.2 -0.745875 0.315763 1 0 0 32 
4 2.2 -1.4276 0.570883 1 1.17445e-14 0 64 
4 2.2 -1.27537 0.57209 1 5.87225e-15 1.61487e-15 128 
4 2.2 -1.11046 0.532373 1 0 -1.61487e-15 256 
4 2.2 -1.53671 0.619091 1 0 0 16 
4 2.2 -1.38163 0.646382 1 0 1.61487e-15 32 
4 2.2 -1.40169 0.594331 1 -1.17445e-14 1.61487e-15 64 
4 2.2 -1.57183 0.68486 1 0 -1.61487e-15 128 
4 2.2 -1.65585 0.690384 1 1.17445e-14 -1.61487e-15 256 
4 2.2 -1.44593 0.622268 1 0 1.61487e-15 16 
4 2.2 -0.729041 0.384571 1 0 -8.07435e-16 32 
4 2.2 -1.29801 0.619286 1 0 0 64 
4 2.2 -0.940029 0.198603 1 -5.87225e-15 0 128 
4 2.2 -1.24701 0.508469 1 -5.87225e-15 -1.61487e-15 256 
4 2.2 -1.10733 0.544603 1 5.87225e-15 0 16 
4 2.2 -0.83079 0.385495 1 0 0 32 
4 2.2 -0.674707 0.322111 1 0 0 64 
4 2.2 -1.34245 0.64344 1 0 1.61487e-15 128 
4 2.2 -1.73471 0.717361 1 1.17445e-14 3.22974e-15 256 
4 2.2 -0.744929 0.0849437 1 -5.87225e-15 -2.52323e-17 16 
4 2.2 -0.675266 0.295303 1 5.87225e-15 0 32 
4 2.2 -1.86234 0.757672 1 -1.17445e-14 0 64 
4 2.2 -1.19199 0.57023 1 -5.87225e-15 0 128 
4 2.2 -1.42857 0.631 1 0 0 256 
4 2.2 -0.896117 0.453591 1 -5.87225e-15 8.07435e-16 16 
4 2.2 -0.609209 0.313173 1 0 4.03717e-16 32 
4 2.2 -1.65137 0.709935 1 -1.17445e-14 3.22974e-15 64 
4 2.2 -1.5385 0.63263 1 1.17445e-14 1.61487e-15 128 
4 2.2 -1.08095 0.521514 1 -5.87225e-15 0 256 
4 2.2 -0.701334 0.354532 1 0 0 16 
4 2.2 -1.39823 0.556235 1 0 0 32 
4 2.2 -0.963153 0.487997 1 -5.87225e-15 -8.07435e-16 64 
4 2.2 -1.13929 0.556721 1 0 0 128 
4 2.2 -0.551175 0.326918 1 -5.87225e-15 0 256 
4 2.2 -0.872839 0.273171 1 0 0 16 
4 2.2 -1.38851 0.58038 1 -1.17445e-14 -1.61487e-15 32 
4 2.2 -0.758558 0.324328 1 0 -4.03717e-16 64 
4 2.2 -1.75818 0.755717 1 0 0 128 
4 2.2 -1.40385 0.643043 1 1.17445e-14 0 256 
4 2.2 -1.42929 0.676564 1 0 -1.61487e-15 16 
4 2.2 -0.663741 0.105767 1 0 0 32 
4 2.2 -1.26303 0.546309 1 0 -1.61487e-15 64 
4 2.2 -1.00181 0.223877 1 -5.87225e-15 2.01859e-16 128 
4 2.2 -0.727117 0.382765 1 0 -8.07435e-16 256 
4 2.2 -0.380283 0.114725 1 0 0 16 
4 2.2 -0.801991 0.321431 1 0 -4.03717e-16 32 
4 2.2 -1.29716 0.440321 1 5.87225e-15 0 64 
4 2.2 -1.9994 0.794898 1 1.17445e-14 0 128 
4 2.2 -1.26288 0.621632 1 -5.87225e-15 0 256 
4 2.2 -1.00822 0.443238 1 0 8.07435e-16 16 
4 2.2 -1.52509 0.693454 1 1.17445e-14 -1.61487e-15 32 
4 2.2 -1.18545 0.539383 1 0 1.61487e-15 64 
4 2.2 -1.24811 0.614134 1 0 1.61487e-15 128 
4 2.2 -1.01756 0.476077 1 -5.87225e-15 0 256 
4 2.2 -1.06949 0.590375 1 0 0 16 
4 2.2 -1.20963 0.623051 1 5.87225e-15 1.61487e-15 32 
4 2.2 -1.37603 0.596551 1 0 0 64 
4 2.2 -1.12796 0.496749 1 0 0 128 
4 2.2 -1.58607 0.711794 1 0 3.22974e-15 256 
4 2.2 -0.973543 0.398826 1 0 0 16 
4 2.2 -1.41025 0.609432 1 -1.17445e-14 1.61487e-15 32 
4 2.2 -1.77314 0.727147 1 0 0 64 
4 2.2 -1.17318 0.539074 1 -5.87225e-15 0 128 
4 2.2 -1.23206 0.52634 1 -1.76168e-14 0 256 
4 2.2 -0.770754 0.246723 1 0 -2.01859e-16 16 
4 2.2 -1.22909 0.580671 1 -5.87225e-15 0 32 
4 2.2 -1.53346 0.657253 1 0 -1.61487e-15 64 
4 2.2 -1.28633 0.527361 1 5.87225e-15 -1.61487e-15 128 
4 2.2 -1.49105 0.662483 1 0 -1.61487e-15 256 
4 2.2 -0.921628 0.404036 1 0 0 16 
4 2.2 -0.885131 0.139767 1 5.87225e-15 -1.00929e-16 32 
4 2.2 -0.856751 0.424141 1 5.87225e-15 0 64 
4 2.2 -0.86165 0.317612 1 5.87225e-15 4.03717e-16 128 
4 2.2 -1.10752 0.563864 1 -5.87225e-15 0 256 
4 2.2 -1.4659 0.617205 1 0 -1.61487e-15 16 
4 2.2 -1.29979 0.620453 1 -5.87225e-15 -1.61487e-15 32 
4 2.2 -1.19128 0.594218 1 5.87225e-15 -1.61487e-15 64 
4 2.2 -1.25327 0.443694 1 0 0 128 
4 2.2 -1.41568 0.626601 1 -1.17445e-14 0 256 
4 2.2 -0.670962 0.137046 1 0 1.00929e-16 16 
4 2.2 -1.03511 0.570583 1 0 1.61487e-15 32 
4 2.2 -1.26752 0.569269 1 0 0 64 
4 2.2 -1.7088 0.699298 1 -1.17445e-14 1.61487e-15 128 
4 2.2 -0.799403 0.305979 1 -5.87225e-15 0 256 
4 2.2 -0.959375 0.48411 1 0 8.07435e-16 16 
4 2.2 -1.07071 0.554396 1 1.76168e-14 0 32 
4 2.2 -1.70037 0.725731 1 1.17445e-14 3.22974e-15 64 
4 2.2 -1.08058 0.481978 1 -5.87225e-15 -8.07435e-16 128 
4 2.2 -1.4836 0.655178 1 0 1.61487e-15 256 
4 2.2 -0.703438 0.286692 1 0 4.03717e-16 16 
4 2.2 -1.18564 0.465832 1 0 -8.07435e-16 32 
4 2.2 -1.10562 0.497502 1 1.17445e-14 8.07435e-16 64 
4 2.2 -1.65382 0.729632 1 -1.17445e-14 0 128 
4 2.2 -1.22722 0.515399 1 0 0 256 
4 2.2 -1.74321 0.725132 1 -1.17445e-14 0 16 
4 2.2 -1.57458 0.70801 1 0 0 32 
4 2.2 -0.901174 0.39609 1 0 8.07435e-16 64 
4 2.2 -1.76118 0.70411 1 0 0 128 
4 2.2 -1.76262 0.742731 1 1.17445e-14 0 256 
4 2.2 -0.856601 0.356507 1 0 0 16 
4 2.2 -1.21581 0.524445 1 -5.87225e-15 -1.61487e-15 32 
4 2.2 -1.46374 0.547346 1 1.17445e-14 -1.61487e-15 64 
4 2.2 -0.84831 0.437405 1 5.87225e-15 0 128 
4 2.2 -1.39943 0.550635 1 0 -1.61487e-15 256 
4 2.2 -0.991141 0.437102 1 -5.87225e-15 -8.07435e-16 16 
4 2.2 -1.50258 0.666948 1 -1.17445e-14 0 32 
4 2.2 -1.93195 0.775966 1 -2.3489e-14 0 64 
4 2.2 -1.65781 0.649549 1 0 1.61487e-15 128 
4 2.2 -0.673764 0.323541 1 -5.87225e-15 4.03717e-16 256 
4 2.2 -1.14815 0.479561 1 0 0 16 
4 2.2 -1.11146 0.502259 1 0 0 32 
4 2.2 -0.797496 0.346665 1 0 4.03717e-16 64 
4 2.2 -1.77153 0.742806 1 1.17445e-14 -3.22974e-15 128 
4 2.2 -0.903526 0.47237 1 0 0 256 
4 2.2 -0.830214 0.393609 1 -5.87225e-15 0 16 
4 2.2 -1.40923 0.614311 1 0 0 32 
4 2.2 -1.05357 0.419796 1 5.87225e-15 -8.07435e-16 64 
4 2.2 -1.1608 0.60922 1 0 1.61487e-15 128 
4 2.2 -1.0606 0.386434 1 0 0 256 
4 2.2 -1.5065 0.700781 1 0 -1.61487e-15 16 
4 2.2 -0.666991 0.299862 1 5.87225e-15 4.03717e-16 32 
4 2.2 -1.51058 0.675047 1 0 0 64 
4 2.2 -1.56792 0.689449 1 1.17445e-14 1.61487e-15 128 
4 2.2 -1.15977 0.528537 1 5.87225e-15 0 256 
4 2.2 -1.37404 0.618179 1 1.17445e-14 1.61487e-15 16 
4 2.2 -1.75873 0.735339 1 1.17445e-14 0 32 
4 2.2 -1.13204 0.51374 1 0 1.61487e-15 64 
4 2.2 -1.11638 0.461784 1 0 0 128 
4 2.2 -1.17783 0.498376 1 -5.87225e-15 0 256 
4 2.2 -1.61166 0.675174 1 -1.17445e-14 1.61487e-15 16 
4 2.2 -1.57903 0.643111 1 -1.17445e-14 -1.61487e-15 32 
4 2.2 -1.46651 0.636891 1 0 -1.61487e-15 64 
4 2.2 -1.07941 0.56332 1 -5.87225e-15 0 128 
4 2.2 -0.884533 0.362211 1 5.87225e-15 0 256 
4 2.2 -0.722664 0.30855 1 5.87225e-15 0 16 
4 2.2 -1.56879 0.697333 1 0 0 32 
4 2.2 -0.655804 0.0283127 1 0 0 64 
4 2.2 -1.74918 0.708765 1 1.17445e-14 -3.22974e-15 128 
4 2.2 -1.71234 0.705314 1 -1.17445e-14 -1.61487e-15 256 
4 2.2 -1.26082 0.508836 1 0 0 16 
4 2.2 -0.759689 0.389702 1 5.87225e-15 0 32 
4 2.2 -1.14738 0.475122 1 -5.87225e-15 0 64 
4 2.2 -1.03665 0.52707 1 0 0 128 
4 2.2 -1.21991 0.528525 1 0 1.61487e-15 256 
4 2.2 -0.926646 0.395062 1 1.17445e-14 -8.07435e-16 16 
4 2.2 -0.59378 0.383745 1 2.93613e-15 0 32 
4 2.2 -1.21865 0.492452 1 -1.76168e-14 0 64 
4 2.2 -1.53559 0.670181 1 -2.3489e-14 1.61487e-15 128 
4 2.2 -1.32119 0.607996 1 5.87225e-15 -1.61487e-15 256 
4 2.2 -0.753453 0.446711 1 0 8.07435e-16 16 
4 2.2 -1.05675 0.405982 1 0 0 32 
4 2.2 -1.32031 0.651623 1 5.87225e-15 0 64 
4 2.2 -1.44594 0.597099 1 -1.17445e-14 1.61487e-15 128 
4 2.2 -1.38163 0.539525 1 0 0 256 
4 2.2 -1.63499 0.670434 1 0 1.61487e-15 16 
4 2.2 -0.67864 0.177417 1 0 0 32 
4 2.2 -1.23255 0.590672 1 0 0 64 
4 2.2 -1.57832 0.695839 1 -2.3489e-14 -1.61487e-15 128 
4 2.2 -1.21717 0.493088 1 1.17445e-14 -8.07435e-16 256 
4 2.2 -0.777737 0.143999 1 0 0 16 
4 2.2 -0.662396 0.271028 1 2.93613e-15 4.03717e-16 32 
4 2.2 -0.733418 0.369175 1 0 0 64 
4 2.2 -1.53083 0.643345 1 -1.17445e-14 0 128 
4 2.2 -1.44337 0.609875 1 -1.17445e-14 -1.61487e-15 256 
4 2.2 -1.2 0.518327 1 1.17445e-14 0 16 
4 2.2 -1.63694 0.681387 1 1.17445e-14 0 32 
4 2.2 -1.04305 0.403878 1 0 -8.07435e-16 64 
4 2.2 -1.28381 0.591854 1 1.17445e-14 0 128 
4 2.2 -1.50499 0.609485 1 -1.17445e-14 -1.61487e-15 256 
4 2.2 -0.790551 0.256526 1 0 0 16 
4 2.2 -1.15626 0.578111 1 -5.87225e-15 -1.61487e-15 32 
4 2.2 -1.03415 0.499982 1 -5.87225e-15 0 64 
4 2.2 -1.22712 0.569775 1 1.17445e-14 -1.61487e-15 128 
4 2.2 -1.47507 0.670003 1 0 -1.61487e-15 256 
4 2.2 -1.07826 0.405754 1 0 0 16 
4 2.2 -1.05564 0.504845 1 0 0 32 
4 2.2 -1.08923 0.488984 1 -1.17445e-14 0 64 
4 2.2 -1.24805 0.588467 1 0 1.61487e-15 128 
4 2.2 -1.21684 0.596292 1 -1.17445e-14 0 256 
4 2.2 -1.54684 0.635441 1 1.17445e-14 0 16 
4 2.2 -0.788497 0.195871 1 0 0 32 
4 2.2 -1.52592 0.685337 1 0 0 64 
4 2.2 -1.39862 0.662334 1 0 -1.61487e-15 128 
4 2.2 -1.00822 0.509434 1 0 0 256 
4 2.2 -1.63353 0.712894 1 1.17445e-14 3.22974e-15 16 
4 2.2 -1.46536 0.64247 1 0 -1.61487e-15 32 
4 2.2 -0.837551 0.473255 1 -5.87225e-15 -8.07435e-16 64 
4 2.2 -1.37277 0.639219 1 1.17445e-14 0 128 
4 2.2 -1.14678 0.557739 1 -5.87225e-15 0 256 
4 2.2 -0.846896 0.228784 1 0 2.01859e-16 16 
4 2.2 -1.56972 0.698009 1 1.17445e-14 -1.61487e-15 32 
4 2.2 -1.69177 0.691085 1 0 0 64 
4 2.2 -1.33221 0.599446 1 -5.87225e-15 0 128 
4 2.2 -0.732812 0.233555 1 0 0 256 
4 2.2 -1.47505 0.664001 1 0 -1.61487e-15 16 
4 2.2 -1.05509 0.462443 1 5.87225e-15 -8.07435e-16 32 
4 2.2 -1.62409 0.6842 1 2.3489e-14 0 64 
4 2.2 -1.18577 0.505509 1 0 0 128 
4 2.2 -1.67755 0.697233 1 0 -1.61487e-15 256 
4 2.2 -1.00776 0.563703 1 -5.87225e-15 0 16 
4 2.2 -0.936025 0.425878 1 -5.87225e-15 -8.07435e-16 32 
4 2.2 -1.02756 0.483335 1 0 -8.07435e-16 64 
4 2.2 -1.25947 0.446009 1 -1.17445e-14 0 128 
4 2.2 -0.948827 0.445553 1 -5.87225e-15 8.07435e-16 256 
4 2.2 -1.28966 0.552289 1 0 0 16 
4 2.2 -0.529587 0.38504 1 0 -8.07435e-16 32 
4 2.2 -1.17172 0.592745 1 0 0 64 
4 2.2 -1.30956 0.596577 1 1.76168e-14 0 128 
4 2.2 -1.44946 0.60142 1 0 0 256 
4 2.2 -0.476906 0.160595 1 -2.93613e-15 -1.00929e-16 16 
4 2.2 -1.43197 0.532574 1 0 -1.61487e-15 32 
4 2.2 -1.25219 0.587586 1 0 0 64 
4 2.2 -1.30441 0.587326 1 5.87225e-15 0 128 
4 2.2 -1.20191 0.534022 1 0 1.61487e-15 256 
4 2.2 -0.674515 0.2239 1 5.87225e-15 2.01859e-16 16 
4 2.2 -0.932202 0.301585 1 0 0 32 
4 2.2 -1.34385 0.63692 1 0 1.61487e-15 64 
4 2.2 -1.37271 0.611694 1 0 1.61487e-15 128 
4 2.2 -1.82128 0.710102 1 -1.17445e-14 -3.22974e-15 256 
4 2.2 -0.962696 0.493219 1 0 0 16 
4 2.2 -1.45414 0.613969 1 0 -1.61487e-15 32 
4 2.2 -0.960294 0.446199 1 -5.87225e-15 0 64 
4 2.2 -1.7826 0.736949 1 0 0 128 
4 2.2 -0.921405 0.41324 1 -5.87225e-15 0 256 
4 2.2 -0.914903 0.403044 1 -5.87225e-15 0 16 
4 2.2 -0.980661 0.436989 1 0 -8.07435e-16 32 
4 2.2 -0.73835 0.431634 1 0 8.07435e-16 64 
4 2.2 -0.515904 0.221041 1 -2.93613e-15 0 128 
4 2.2 -1.1691 0.520831 1 0 0 256 
4 2.2 -1.04856 0.552969 1 -5.87225e-15 1.61487e-15 16 
4 2.2 -0.926102 0.333283 1 -5.87225e-15 -4.03717e-16 32 
4 2.2 -1.3709 0.567402 1 -1.17445e-14 0 64 
4 2.2 -1.13189 0.503967 1 -5.87225e-15 0 128 
4 2.2 -1.45895 0.663591 1 0 -1.61487e-15 256 
4 2.2 -1.11882 0.483239 1 -5.87225e-15 8.07435e-16 16 
4 2.2 -0.626801 0.28077 1 2.93613e-15 0 32 
4 2.2 -1.46839 0.581721 1 1.17445e-14 -1.61487e-15 64 
4 2.2 -1.17748 0.440759 1 -5.87225e-15 0 128 
4 2.2 -1.10654 0.405113 1 0 0 256 
4 2.2 -1.40083 0.611345 1 1.17445e-14 -1.61487e-15 16 
4 2.2 -0.920416 0.471227 1 -5.87225e-15 0 32 
4 2.2 -1.53024 0.67403 1 1.17445e-14 -1.61487e-15 64 
4 2.2 -0.839192 0.470268 1 0 0 128 
4 2.2 -1.87131 0.765852 1 1.17445e-14 0 256 
4 2.2 -0.772443 0.223267 1 -5.87225e-15 0 16 
4 2.2 -1.2668 0.570664 1 5.87225e-15 0 32 
4 2.2 -1.12801 0.483623 1 -5.87225e-15 0 64 
4 2.2 -1.01119 0.304311 1 0 -4.03717e-16 128 
4 2.2 -0.925207 0.434691 1 0 0 256 
4 2.2 -0.966523 0.309688 1 -1.17445e-14 -4.03717e-16 16 
4 2.2 -1.06836 0.455843 1 0 -8.07435e-16 32 
4 2.2 -0.873275 0.457364 1 1.17445e-14 0 64 
4 2.2 -0.507934 0.328778 1 -2.93613e-15 4.03717e-16 128 
4 2.2 -1.39808 0.64621 1 0 0 256 
4 2.2 -0.948388 0.503479 1 0 0 16 
4 2.2 -0.819322 0.395317 1 0 -8.07435e-16 32 
4 2.2 -0.794917 0.319413 1 -5.87225e-15 0 64 
4 2.2 -1.25394 0.575871 1 1.76168e-14 0 128 
4 2.2 -1.6124 0.663498 1 0 1.61487e-15 256 
4 2.2 -1.29683 0.585337 1 -5.87225e-15 -1.61487e-15 16 
4 2.2 -1.3215 0.535066 1 -1.17445e-14 -1.61487e-15 32 
4 2.2 -1.11668 0.434697 1 1.17445e-14 -8.07435e-16 64 
4 2.2 -1.14731 0.549247 1 -5.87225e-15 1.61487e-15 128 
4 2.2 -1.5231 0.690621 1 -1.17445e-14 -1.61487e-15 256 
4 2.2 -0.756673 0.101093 1 5.87225e-15 0 16 
4 2.2 -0.886394 0.434701 1 0 0 32 
4 2.2 -0.808072 0.408841 1 5.87225e-15 -8.07435e-16 64 
4 2.2 -0.830204 0.142794 1 0 1.00929e-16 128 
4 2.2 -0.717219 0.447824 1 5.87225e-15 0 256 
4 2.2 -1.13422 0.39158 1 -5.87225e-15 0 16 
4 2.2 -1.72581 0.75182 1 -1.17445e-14 0 32 
4 2.2 -1.07136 0.462281 1 2.3489e-14 0 64 
4 2.2 -1.55299 0.642628 1 0 -1.61487e-15 128 
4 2.2 -1.14973 0.558111 1 1.17445e-14 -1.61487e-15 256 
4 2.2 -0.954035 0.471465 1 0 8.07435e-16 16 
4 2.2 -0.884442 0.396992 1 0 -8.07435e-16 32 
4 2.2 -1.10837 0.533268 1 -5.87225e-15 1.61487e-15 64 
4 2.2 -1.99127 0.785635 1 -1.17445e-14 0 128 
4 2.2 -1.16824 0.559451 1 0 0 256 
4 2.2 -0.805098 0.327299 1 0 0 16 
4 2.2 -0.922672 0.450094 1 -5.87225e-15 0 32 
4 2.2 -1.15144 0.470652 1 -5.87225e-15 0 64 
4 2.2 -1.18539 0.620731 1 5.87225e-15 1.61487e-15 128 
4 2.2 -0.894745 0.389016 1 5.87225e-15 8.07435e-16 256 
4 2.2 -0.692861 0.152937 1 1.17445e-14 -1.00929e-16 16 
4 2.2 -1.70334 0.703478 1 0 1.61487e-15 32 
4 2.2 -1.37607 0.610847 1 0 0 64 
4 2.2 -0.724696 0.285664 1 5.87225e-15 -4.03717e-16 128 
4 2.2 -1.35632 0.599266 1 0 -1.61487e-15 256 
4 2.2 -0.920851 0.348833 1 5.87225e-15 0 16 
4 2.2 -1.11726 0.389347 1 -5.87225e-15 0 32 
4 2.2 -0.888229 0.446826 1 0 -8.07435e-16 64 
4 2.2 -1.27612 0.522384 1 -5.87225e-15 0 128 
4 2.2 -1.43445 0.634349 1 -1.17445e-14 0 256 
4 2.2 -1.27506 0.542702 1 -5.87225e-15 -1.61487e-15 16 
4 2.2 -0.847741 0.426239 1 0 8.07435e-16 32 
4 2.2 -1.29792 0.564321 1 1.17445e-14 1.61487e-15 64 
4 2.2 -1.1497 0.466922 1 0 0 128 
4 2.2 -1.71685 0.730648 1 -1.17445e-14 3.22974e-15 256 
4 2.2 -0.635238 0.143007 1 0 0 512 
4 2.2 -1.45512 0.634109 1 0 1.61487e-15 1024 
4 2.2 -1.22302 0.553571 1 0 0 2048 
4 2.2 -1.20685 0.52317 1 -5.87225e-15 0 4096 
4 2.2 -1.65104 0.682604 1 0 0 8192 
4 2.2 -1.25085 0.592672 1 -5.87225e-15 1.61487e-15 512 
4 2.2 -0.760806 0.321781 1 0 -4.03717e-16 1024 
4 2.2 -1.37883 0.567695 1 0 0 2048 
4 2.2 -1.44381 0.546709 1 0 0 4096 
4 2.2 -1.46792 0.595625 1 0 1.61487e-15 8192 
4 2.2 -1.20016 0.47507 1 0 0 512 
4 2.2 -1.22747 0.582169 1 0 0 1024 
4 2.2 -0.970002 0.481371 1 0 0 2048 
4 2.2 -0.779886 0.316718 1 0 0 4096 
4 2.2 -1.38811 0.596276 1 -1.17445e-14 -1.61487e-15 8192 
4 2.2 -1.95755 0.76067 1 1.17445e-14 3.22974e-15 512 
4 2.2 -1.25787 0.595392 1 -5.87225e-15 -1.61487e-15 1024 
4 2.2 -0.916292 0.406616 1 5.87225e-15 -8.07435e-16 2048 
4 2.2 -1.33424 0.523275 1 0 0 4096 
4 2.2 -1.26455 0.630169 1 0 1.61487e-15 8192 
4 2.2 -1.11759 0.527765 1 -1.17445e-14 1.61487e-15 512 
4 2.2 -1.02652 0.434845 1 -5.87225e-15 0 1024 
4 2.2 -0.839852 0.327419 1 1.17445e-14 0 2048 
4 2.2 -1.09906 0.491992 1 1.17445e-14 -8.07435e-16 4096 
4 2.2 -1.4099 0.596302 1 0 1.61487e-15 8192 
4 2.2 -1.15299 0.577522 1 -5.87225e-15 0 512 
4 2.2 -1.29638 0.567412 1 -1.76168e-14 -1.61487e-15 1024 
4 2.2 -1.00786 0.549257 1 5.87225e-15 -1.61487e-15 2048 
4 2.2 -1.26548 0.57263 1 -1.17445e-14 0 4096 
4 2.2 -1.09322 0.573226 1 -5.87225e-15 -1.61487e-15 8192 
4 2.2 -1.12088 0.49677 1 1.17445e-14 -8.07435e-16 512 
4 2.2 -1.10625 0.336056 1 -5.87225e-15 0 1024 
4 2.2 -1.32458 0.594057 1 0 1.61487e-15 2048 
4 2.2 -0.878245 0.221308 1 -5.87225e-15 0 4096 
4 2.2 -0.95825 0.536345 1 0 -1.61487e-15 8192 
4 2.2 -1.13568 0.512934 1 0 0 512 
4 2.2 -1.1389 0.523625 1 1.17445e-14 0 1024 
4 2.2 -1.42112 0.521368 1 -1.17445e-14 1.61487e-15 2048 
4 2.2 -0.924069 0.520585 1 5.87225e-15 0 4096 
4 2.2 -0.990009 0.502149 1 -5.87225e-15 0 8192 
4 2.2 -1.10111 0.527843 1 5.87225e-15 0 512 
4 2.2 -1.50993 0.652215 1 -1.17445e-14 0 1024 
4 2.2 -0.948338 0.340299 1 -1.17445e-14 4.03717e-16 2048 
4 2.2 -1.4554 0.554418 1 -1.17445e-14 1.61487e-15 4096 
4 2.2 -1.21463 0.545799 1 5.87225e-15 1.61487e-15 8192 
4 2.2 -1.72434 0.729791 1 1.17445e-14 -3.22974e-15 512 
4 2.2 -1.66222 0.69496 1 0 1.61487e-15 1024 
4 2.2 -1.10735 0.462829 1 0 0 2048 
4 2.2 -1.63363 0.670192 1 -1.17445e-14 -1.61487e-15 4096 
4 2.2 -1.37586 0.591798 1 0 1.61487e-15 8192 
4 2.2 -1.68451 0.713241 1 2.3489e-14 0 512 
4 2.2 -0.938154 0.48385 1 -1.17445e-14 -8.07435e-16 1024 
4 2.2 -1.66345 0.654255 1 -1.17445e-14 0 2048 
4 2.2 -0.807245 0.38404 1 0 8.07435e-16 4096 
4 2.2 -1.46655 0.641829 1 1.17445e-14 0 8192 
4 2.2 -1.00589 0.482447 1 -5.87225e-15 8.07435e-16 512 
4 2.2 -1.85105 0.761406 1 1.17445e-14 0 1024 
4 2.2 -1.23722 0.55226 1 5.87225e-15 0 2048 
4 2.2 -0.782248 0.313007 1 5.87225e-15 4.03717e-16 4096 
4 2.2 -1.65958 0.71906 1 -1.17445e-14 -3.22974e-15 8192 
4 2.2 -1.78512 0.749056 1 0 -3.22974e-15 512 
4 2.2 -1.16134 0.572273 1 0 0 1024 
4 2.2 -1.53785 0.68353 1 0 0 2048 
4 2.2 -1.13637 0.458087 1 -5.87225e-15 -8.07435e-16 4096 
4 2.2 -1.46148 0.576141 1 0 -1.61487e-15 8192 
4 2.2 -1.17678 0.564172 1 5.87225e-15 0 512 
4 2.2 -1.59727 0.630677 1 0 -1.61487e-15 1024 
4 2.2 -0.771859 0.332771 1 0 0 2048 
4 2.2 -1.06374 0.460801 1 -1.17445e-14 0 4096 
4 2.2 -1.10997 0.558527 1 -5.87225e-15 0 8192 
4 2.2 -0.699406 0.159088 1 1.17445e-14 1.00929e-16 512 
4 2.2 -0.930486 0.473084 1 5.87225e-15 0 1024 
4 2.2 -0.83951 0.389462 1 1.17445e-14 0 2048 
4 2.2 -1.52935 0.661164 1 -1.17445e-14 1.61487e-15 4096 
4 2.2 -0.506837 0.202657 1 0 2.01859e-16 8192 
4 2.2 -1.58914 0.657951 1 -1.17445e-14 -1.61487e-15 512 
4 2.2 -0.832653 0.0596159 1 -5.87225e-15 1.26162e-17 1024 
4 2.2 -1.09518 0.536356 1 -5.87225e-15 0 2048 
4 2.2 -1.36518 0.606406 1 0 0 4096 
4 2.2 -0.916109 0.494789 1 5.87225e-15 0 8192 
4 2.2 -1.00605 0.487176 1 0 0 512 
4 2.2 -1.46901 0.676556 1 2.3489e-14 0 1024 
4 2.2 -1.23228 0.598368 1 0 0 2048 
4 2.2 -1.61745 0.723098 1 -1.17445e-14 3.22974e-15 4096 
4 2.2 -1.26462 0.615708 1 -1.17445e-14 0 8192 
4 2.2 -0.940415 0.424544 1 0 8.07435e-16 512 
4 2.2 -0.941993 0.405068 1 1.17445e-14 0 1024 
4 2.2 -1.09438 0.576056 1 5.87225e-15 0 2048 
4 2.2 -1.16803 0.519132 1 0 0 4096 
4 2.2 -1.25813 0.573511 1 -1.17445e-14 0 8192 
4 2.2 -2.0288 0.729758 1 1.17445e-14 0 512 
4 2.2 -1.4957 0.675995 1 -2.3489e-14 1.61487e-15 1024 
4 2.2 -1.24573 0.569644 1 5.87225e-15 0 2048 
4 2.2 -0.845651 0.301078 1 0 0 4096 
4 2.2 -1.07262 0.472894 1 -5.87225e-15 -8.07435e-16 8192 
4 2.2 -0.844225 0.405085 1 -1.17445e-14 0 512 
4 2.2 -1.20933 0.428996 1 -1.17445e-14 8.07435e-16 1024 
4 2.2 -1.07689 0.535718 1 0 -1.61487e-15 2048 
4 2.2 -1.29363 0.600411 1 0 -1.61487e-15 4096 
4 2.2 -0.890874 0.305081 1 0 -4.03717e-16 8192 
4 2.2 -1.00466 0.583143 1 5.87225e-15 1.61487e-15 512 
4 2.2 -1.48818 0.642655 1 0 0 1024 
4 2.2 -0.373168 0.136456 1 2.93613e-15 -1.00929e-16 2048 
4 2.2 -1.38101 0.610543 1 1.17445e-14 1.61487e-15 4096 
4 2.2 -0.771915 0.466461 1 5.87225e-15 0 8192 
4 2.2 -1.73108 0.714467 1 0 0 512 
4 2.2 -1.04749 0.414386 1 -5.87225e-15 8.07435e-16 1024 
4 2.2 -1.17651 0.566268 1 0 0 2048 
4 2.2 -1.35509 0.598097 1 0 0 4096 
4 2.2 -0.837264 0.370315 1 0 8.07435e-16 8192 
4 2.2 -1.81976 0.711606 1 -1.17445e-14 -3.22974e-15 512 
4 2.2 -1.37709 0.571728 1 -1.17445e-14 0 1024 
4 2.2 -0.79139 0.364928 1 1.17445e-14 -8.07435e-16 2048 
4 2.2 -1.42899 0.564885 1 0 -1.61487e-15 4096 
4 2.2 -1.43157 0.633009 1 -2.3489e-14 1.61487e-15 8192 
4 2.2 -1.17582 0.612929 1 5.87225e-15 0 512 
4 2.2 -1.37576 0.655003 1 0 0 1024 
4 2.2 -1.27194 0.605761 1 5.87225e-15 0 2048 
4 2.2 -1.56903 0.597607 1 0 -1.61487e-15 4096 
4 2.2 -1.1676 0.580693 1 0 0 8192 
4 2.2 -0.801844 0.147582 1 0 1.00929e-16 512 
4 2.2 -0.928262 0.327365 1 0 4.03717e-16 1024 
4 2.2 -0.912402 0.488645 1 0 8.07435e-16 2048 
4 2.2 -1.13954 0.561362 1 5.87225e-15 1.61487e-15 4096 
4 2.2 -1.25113 0.607428 1 -5.87225e-15 -1.61487e-15 8192 
4 2.2 -0.769551 0.298126 1 0 -4.03717e-16 512 
4 2.2 -1.38664 0.627571 1 -1.17445e-14 -1.61487e-15 1024 
4 2.2 -1.48638 0.613316 1 0 0 2048 
4 2.2 -1.02935 0.457464 1 0 0 4096 
4 2.2 -1.39016 0.608674 1 -1.17445e-14 1.61487e-15 8192 
4 2.2 -1.21985 0.604604 1 5.87225e-15 -1.61487e-15 512 
4 2.2 -1.1675 0.532128 1 -5.87225e-15 0 1024 
4 2.2 -1.18126 0.549427 1 0 0 2048 
4 2.2 -0.77836 0.377155 1 5.87225e-15 0 4096 
4 2.2 -1.10876 0.434668 1 0 0 8192 
4 2.2 -1.30845 0.54906 1 0 1.61487e-15 512 
4 2.2 -1.26074 0.605243 1 0 0 1024 
4 2.2 -1.84458 0.705368 1 1.17445e-14 0 2048 
4 2.2 -1.29901 0.59222 1 -1.17445e-14 -1.61487e-15 4096 
4 2.2 -1.46393 0.663506 1 0 1.61487e-15 8192 
4 2.2 -1.26483 0.526312 1 0 0 512 
4 2.2 -1.66133 0.63666 1 -1.17445e-14 0 1024 
4 2.2 -1.13479 0.431163 1 5.87225e-15 0 2048 
4 2.2 -0.779658 0.274563 1 0 0 4096 
4 2.2 -1.31722 0.585103 1 -5.87225e-15 1.61487e-15 8192 
4 2.2 -0.750017 0.354911 1 5.87225e-15 0 512 
4 2.2 -1.12364 0.541645 1 1.17445e-14 1.61487e-15 1024 
4 2.2 -1.12959 0.457081 1 -5.87225e-15 8.07435e-16 2048 
4 2.2 -1.06568 0.484775 1 1.17445e-14 0 4096 
4 2.2 -1.1285 0.47086 1 -5.87225e-15 -8.07435e-16 8192 
4 2.2 -1.23438 0.532959 1 0 0 512 
4 2.2 -1.80895 0.747396 1 -1.17445e-14 0 1024 
4 2.2 -0.990666 0.443991 1 -5.87225e-15 0 2048 
4 2.2 -0.44995 0.162507 1 0 -1.00929e-16 4096 
4 2.2 -1.80226 0.72941 1 -1.17445e-14 0 8192 
4 2.2 -1.61459 0.706028 1 0 -1.61487e-15 512 
4 2.2 -0.994349 0.461742 1 -5.87225e-15 0 1024 
4 2.2 -1.51421 0.637647 1 1.17445e-14 0 2048 
4 2.2 -1.744 0.739715 1 0 0 4096 
4 2.2 -1.1999 0.535929 1 5.87225e-15 0 8192 
4 2.2 -1.56666 0.615027 1 0 -1.61487e-15 512 
4 2.2 -0.935293 0.441647 1 0 0 1024 
4 2.2 -1.6768 0.711506 1 1.17445e-14 0 2048 
4 2.2 -0.688801 0.275428 1 5.87225e-15 -4.03717e-16 4096 
4 2.2 -0.799475 0.344281 1 5.87225e-15 0 8192 
4 2.2 -1.07205 0.454045 1 -5.87225e-15 -8.07435e-16 512 
4 2.2 -0.864688 0.357579 1 5.87225e-15 0 1024 
4 2.2 -0.875629 0.450075 1 -5.87225e-15 0 2048 
4 2.2 -1.52929 0.6569 1 1.17445e-14 0 4096 
4 2.2 -1.36582 0.557386 1 0 -1.61487e-15 8192 
4 2.2 -1.32635 0.632489 1 0 -1.61487e-15 512 
4 2.2 -1.11735 0.549854 1 -5.87225e-15 0 1024 
4 2.2 -1.62651 0.672751 1 1.17445e-14 0 2048 
4 2.2 -1.17133 0.443552 1 1.17445e-14 0 4096 
4 2.2 -0.642007 0.278557 1 2.93613e-15 4.03717e-16 8192 
4 2.2 -0.946976 0.491317 1 1.17445e-14 0 512 
4 2.2 -0.828467 0.434839 1 -5.87225e-15 0 1024 
4 2.2 -0.665595 0.26094 1 0 4.03717e-16 2048 
4 2.2 -1.23775 0.604374 1 0 -1.61487e-15 4096 
4 2.2 -0.852588 0.381238 1 1.17445e-14 0 8192 
4 2.2 -1.3071 0.574052 1 -5.87225e-15 -1.61487e-15 512 
4 2.2 -1.22925 0.516569 1 5.87225e-15 1.61487e-15 1024 
4 2.2 -0.960048 0.375037 1 5.87225e-15 0 2048 
4 2.2 -1.5333 0.716298 1 0 0 4096 
4 2.2 -1.38197 0.593573 1 0 0 8192 
4 2.2 -1.09711 0.533161 1 -5.87225e-15 -1.61487e-15 512 
4 2.2 -1.48612 0.599332 1 0 0 1024 
4 2.2 -1.19559 0.600498 1 -5.87225e-15 -1.61487e-15 2048 
4 2.2 -1.58833 0.63857 1 0 1.61487e-15 4096 
4 2.2 -1.30673 0.579503 1 5.87225e-15 0 8192 
4 2.2 -1.20661 0.539865 1 -5.87225e-15 1.61487e-15 512 
4 2.2 -1.9941 0.773764 1 0 3.22974e-15 1024 
4 2.2 -1.00809 0.487725 1 5.87225e-15 8.07435e-16 2048 
4 2.2 -1.37384 0.525695 1 0 0 4096 
4 2.2 -1.16051 0.462679 1 -1.17445e-14 0 8192 
4 2.2 -0.628998 0.332266 1 -2.93613e-15 4.03717e-16 512 
4 2.2 -1.51434 0.667963 1 1.17445e-14 1.61487e-15 1024 
4 2.2 -1.01088 0.437488 1 0 0 2048 
4 2.2 -1.62569 0.733279 1 -1.17445e-14 3.22974e-15 4096 
4 2.2 -0.830438 0.267699 1 0 0 8192 
4 2.2 -1.56687 0.642192 1 0 0 512 
4 2.2 -0.476618 0.271519 1 2.93613e-15 0 1024 
4 2.2 -1.09765 0.503378 1 -5.87225e-15 -1.61487e-15 2048 
4 2.2 -1.12511 0.520375 1 -5.87225e-15 -1.61487e-15 4096 
4 2.2 -0.644692 0.300155 1 -8.80838e-15 -4.03717e-16 8192 
4 2.2 -1.6537 0.697952 1 1.17445e-14 -1.61487e-15 512 
4 2.2 -1.89913 0.785857 1 0 0 1024 
4 2.2 -0.85434 0.447189 1 5.87225e-15 0 2048 
4 2.2 -1.19543 0.557796 1 5.87225e-15 0 4096 
4 2.2 -0.913973 0.379033 1 5.87225e-15 -8.07435e-16 8192 
4 2.2 -1.60192 0.666069 1 0 0 512 
4 2.2 -1.04717 0.488465 1 -5.87225e-15 0 1024 
4 2.2 -0.96734 0.374034 1 -1.17445e-14 0 2048 
4 2.2 -1.12985 0.491777 1 5.87225e-15 -8.07435e-16 4096 
4 2.2 -0.857752 0.438894 1 1.17445e-14 0 8192 
4 2.2 -0.532249 0.159389 1 0 -1.00929e-16 512 
4 2.2 -1.41789 0.588167 1 1.17445e-14 -1.61487e-15 1024 
4 2.2 -1.02799 0.340027 1 5.87225e-15 0 2048 
4 2.2 -1.60225 0.64682 1 1.17445e-14 0 4096 
4 2.2 -1.47102 0.665566 1 0 -1.61487e-15 8192 
4 2.2 -1.72686 0.707777 1 0 0 512 
4 2.2 -1.1353 0.489624 1 5.87225e-15 0 1024 
4 2.2 -1.48448 0.625758 1 1.17445e-14 0 2048 
4 2.2 -0.902018 0.456592 1 5.87225e-15 8.07435e-16 4096 
4 2.2 -1.56869 0.661641 1 -1.17445e-14 1.61487e-15 8192 
4 2.2 -1.59778 0.697582 1 0 -1.61487e-15 512 
4 2.2 -1.81066 0.739787 1 -1.17445e-14 0 1024 
4 2.2 -1.38079 0.610697 1 0 -1.61487e-15 2048 
4 2.2 -1.2922 0.61568 1 0 1.61487e-15 4096 
4 2.2 -1.71132 0.733178 1 -1.17445e-14 0 8192 
4 2.2 -1.49007 0.632037 1 0 -1.61487e-15 512 
4 2.2 -0.728356 0.384231 1 5.87225e-15 0 1024 
4 2.2 -1.53835 0.680703 1 0 1.61487e-15 2048 
4 2.2 -1.58395 0.684784 1 0 0 4096 
4 2.2 -1.19665 0.460681 1 -5.87225e-15 -8.07435e-16 8192 
4 2.2 -1.32554 0.579355 1 5.87225e-15 -1.61487e-15 512 
4 2.2 -0.809143 0.375261 1 0 -8.07435e-16 1024 
4 2.2 -1.41916 0.623939 1 -1.17445e-14 0 2048 
4 2.2 -1.82057 0.707373 1 -1.17445e-14 0 4096 
4 2.2 -1.18751 0.573913 1 1.17445e-14 -1.61487e-15 8192 
4 2.2 -1.15139 0.552439 1 0 0 512 
4 2.2 -1.17799 0.460595 1 5.87225e-15 0 1024 
4 2.2 -0.971345 0.3809 1 0 8.07435e-16 2048 
4 2.2 -1.32941 0.579331 1 -5.87225e-15 1.61487e-15 4096 
4 2.2 -1.29005 0.582382 1 -5.87225e-15 0 8192 
4 2.2 -1.6428 0.701759 1 0 -1.61487e-15 512 
4 2.2 -1.18943 0.591725 1 -1.17445e-14 -1.61487e-15 1024 
4 2.2 -1.39443 0.627567 1 1.17445e-14 1.61487e-15 2048 
4 2.2 -2.06296 0.80687 1 0 0 4096 
4 2.2 -0.921426 0.349093 1 5.87225e-15 4.03717e-16 8192 
4 2.2 -0.961702 0.459591 1 0 8.07435e-16 512 
4 2.2 -1.18877 0.548057 1 1.76168e-14 -1.61487e-15 1024 
4 2.2 -1.79561 0.742661 1 1.17445e-14 3.22974e-15 2048 
4 2.2 -1.13239 0.523559 1 1.17445e-14 0 4096 
4 2.2 -1.34535 0.609506 1 0 1.61487e-15 8192 
4 2.2 -1.31514 0.561891 1 0 -1.61487e-15 512 
4 2.2 -0.716848 0.32732 1 0 -4.03717e-16 1024 
4 2.2 -0.925894 0.434649 1 5.87225e-15 0 2048 
4 2.2 -1.58488 0.695056 1 -1.17445e-14 0 4096 
4 2.2 -1.55008 0.664124 1 0 1.61487e-15 8192 
4 2.2 -1.09417 0.524244 1 0 1.61487e-15 512 
4 2.2 -1.26763 0.594612 1 5.87225e-15 1.61487e-15 1024 
4 2.2 -1.66079 0.700013 1 0 -1.61487e-15 2048 
4 2.2 -1.37411 0.592872 1 1.17445e-14 1.61487e-15 4096 
4 2.2 -1.12501 0.520686 1 0 0 8192 
4 2.2 -1.68423 0.697448 1 0 0 512 
4 2.2 -1.42817 0.596971 1 0 0 1024 
4 2.2 -1.19607 0.612887 1 -5.87225e-15 -1.61487e-15 2048 
4 2.2 -1.18963 0.600052 1 5.87225e-15 -1.61487e-15 4096 
4 2.2 -0.762438 0.300516 1 -5.87225e-15 0 8192 
4 2.2 -1.08858 0.488466 1 0 0 512 
4 2.2 -1.23798 0.496274 1 0 8.07435e-16 1024 
4 2.2 -1.04068 0.456518 1 0 -8.07435e-16 2048 
4 2.2 -0.598908 0.256404 1 5.87225e-15 0 4096 
4 2.2 -0.81828 0.414277 1 0 0 8192 
4 2.2 -1.51121 0.613361 1 -1.17445e-14 -1.61487e-15 512 
4 2.2 -1.10501 0.603171 1 5.87225e-15 0 1024 
4 2.2 -0.851762 0.445224 1 0 8.07435e-16 2048 
4 2.2 -1.5128 0.696705 1 0 0 4096 
4 2.2 -1.28101 0.542367 1 0 0 8192 
4 2.2 -1.06712 0.44302 1 -5.87225e-15 8.07435e-16 512 
4 2.2 -0.937513 0.462665 1 0 0 1024 
4 2.2 -0.889215 0.417295 1 5.87225e-15 0 2048 
4 2.2 -1.74915 0.716492 1 1.17445e-14 0 4096 
4 2.2 -1.12675 0.483637 1 0 8.07435e-16 8192 
4 2.2 -1.0351 0.518063 1 -5.87225e-15 0 512 
4 2.2 -1.26672 0.527051 1 -5.87225e-15 -1.61487e-15 1024 
4 2.2 -1.91078 0.761703 1 0 -3.22974e-15 2048 
4 2.2 -1.33099 0.596201 1 0 0 4096 
4 2.2 -1.23231 0.529008 1 -5.87225e-15 0 8192 
4 2.2 -1.24169 0.466542 1 -5.87225e-15 -8.07435e-16 512 
4 2.2 -1.58778 0.726918 1 0 -3.22974e-15 1024 
4 2.2 -1.00049 0.520806 1 5.87225e-15 0 2048 
4 2.2 -0.667786 0.0946495 1 0 5.04647e-17 4096 
4 2.2 -1.16009 0.474895 1 0 -8.07435e-16 8192 
4 2.2 -0.530203 0.179831 1 -2.93613e-15 0 512 
4 2.2 -1.24737 0.616213 1 0 -1.61487e-15 1024 
4 2.2 -0.67229 0.248657 1 5.87225e-15 2.01859e-16 2048 
4 2.2 -1.34869 0.686299 1 1.17445e-14 1.61487e-15 4096 
4 2.2 -1.95653 0.76028 1 0 0 8192 
4 2.2 -1.0241 0.514959 1 0 -1.61487e-15 512 
4 2.2 -1.27841 0.568936 1 0 0 1024 
4 2.2 -1.06323 0.444308 1 0 0 2048 
4 2.2 -1.78562 0.710212 1 0 -3.22974e-15 4096 
4 2.2 -0.739043 0.420406 1 -5.87225e-15 0 8192 
4 2.2 -1.25155 0.59505 1 0 0 512 
4 2.2 -1.36026 0.548114 1 -1.17445e-14 -1.61487e-15 1024 
4 2.2 -0.949134 0.495257 1 -1.17445e-14 8.07435e-16 2048 
4 2.2 -1.27496 0.547012 1 1.17445e-14 0 4096 
4 2.2 -1.50012 0.648878 1 0 -1.61487e-15 8192 
4 2.2 -1.18683 0.542705 1 0 0 512 
4 2.2 -1.03373 0.446168 1 -5.87225e-15 8.07435e-16 1024 
4 2.2 -1.93882 0.772203 1 1.17445e-14 0 2048 
4 2.2 -0.963052 0.471234 1 0 -8.07435e-16 4096 
4 2.2 -1.21111 0.576969 1 0 0 8192 
4 2.2 -1.16567 0.567392 1 0 1.61487e-15 512 
4 2.2 -0.467533 0.300683 1 0 -4.03717e-16 1024 
4 2.2 -1.0907 0.491684 1 0 0 2048 
4 2.2 -1.33764 0.590557 1 -1.17445e-14 0 4096 
4 2.2 -1.6948 0.673367 1 0 1.61487e-15 8192 
4 2.2 -0.935714 0.470981 1 5.87225e-15 -8.07435e-16 512 
4 2.2 -1.60078 0.632607 1 -1.17445e-14 -1.61487e-15 1024 
4 2.2 -1.16724 0.552707 1 5.87225e-15 1.61487e-15 2048 
4 2.2 -0.994932 0.432423 1 -5.87225e-15 0 4096 
4 2.2 -1.09991 0.524583 1 0 -1.61487e-15 8192 
4 2.2 -1.44525 0.620619 1 1.17445e-14 0 512 
4 2.2 -0.508722 0.14879 1 0 -1.00929e-16 1024 
4 2.2 -1.47354 0.640707 1 1.17445e-14 1.61487e-15 2048 
4 2.2 -1.80094 0.767797 1 -1.17445e-14 0 4096 
4 2.2 -1.36036 0.602865 1 1.17445e-14 -1.61487e-15 8192 
4 2.2 -1.47551 0.622417 1 1.17445e-14 1.61487e-15 512 
4 2.2 -1.48889 0.618903 1 -1.17445e-14 -1.61487e-15 1024 
4 2.2 -1.35686 0.628575 1 0 -1.61487e-15 2048 
4 2.2 -1.11326 0.54251 1 -5.87225e-15 1.61487e-15 4096 
4 2.2 -1.69596 0.701227 1 1.17445e-14 0 8192 
4 2.2 -1.13832 0.56028 1 5.87225e-15 0 512 
4 2.2 -1.06191 0.417116 1 5.87225e-15 0 1024 
4 2.2 -1.75704 0.714285 1 1.17445e-14 3.22974e-15 2048 
4 2.2 -1.19751 0.514925 1 5.87225e-15 -1.61487e-15 4096 
4 2.2 -1.22767 0.602127 1 -5.87225e-15 1.61487e-15 8192 
4 2.2 -1.12351 0.562578 1 -5.87225e-15 0 512 
4 2.2 -1.73758 0.754943 1 1.17445e-14 -3.22974e-15 1024 
4 2.2 -1.34605 0.63093 1 0 1.61487e-15 2048 
4 2.2 -1.36843 0.557207 1 -1.17445e-14 0 4096 
4 2.2 -1.32595 0.540314 1 5.87225e-15 0 8192 
4 2.2 -1.20708 0.56538 1 0 0 512 
4 2.2 -1.5235 0.61489 1 0 1.61487e-15 1024 
4 2.2 -1.3085 0.570911 1 5.87225e-15 0 2048 
4 2.2 -0.868007 0.47581 1 0 0 4096 
4 2.2 -1.04048 0.480627 1 -5.87225e-15 -8.07435e-16 8192 
4 2.2 -1.88125 0.699884 1 -1.17445e-14 -1.61487e-15 512 
4 2.2 -0.668938 0.264175 1 0 0 1024 
4 2.2 -1.37287 0.624343 1 0 0 2048 
4 2.2 -1.22755 0.552976 1 -5.87225e-15 -1.61487e-15 4096 
4 2.2 -1.27263 0.519618 1 0 -1.61487e-15 8192 
4 2.2 -1.38836 0.628228 1 0 1.61487e-15 512 
4 2.2 -1.74543 0.693208 1 1.17445e-14 1.61487e-15 1024 
4 2.2 -1.59626 0.584712 1 1.17445e-14 0 2048 
4 2.2 -0.823859 0.267246 1 0 0 4096 
4 2.2 -1.22547 0.530649 1 -5.87225e-15 1.61487e-15 8192 
4 2.2 -1.4994 0.648106 1 1.17445e-14 1.61487e-15 512 
4 2.2 -0.845548 0.42569 1 0 0 1024 
4 2.2 -1.61022 0.67599 1 0 1.61487e-15 2048 
4 2.2 -1.76356 0.750176 1 0 0 4096 
4 2.2 -1.30562 0.650962 1 5.87225e-15 0 8192 
4 2.2 -0.779723 0.284737 1 -5.87225e-15 -4.03717e-16 512 
4 2.2 -1.38163 0.471656 1 0 8.07435e-16 1024 
4 2.2 -1.03699 0.352397 1 -5.87225e-15 -4.03717e-16 2048 
4 2.2 -0.792438 0.316559 1 -5.87225e-15 -4.03717e-16 4096 
4 2.2 -1.44991 0.645509 1 0 -1.61487e-15 8192 
4 2.2 -0.476548 0.135959 1 -2.93613e-15 1.00929e-16 512 
4 2.2 -1.18965 0.560203 1 0 -1.61487e-15 1024 
4 2.2 -1.31677 0.599102 1 5.87225e-15 0 2048 
4 2.2 -0.8121 0.15683 1 0 1.00929e-16 4096 
4 2.2 -1.23413 0.542819 1 0 -1.61487e-15 8192 
4 2.2 -1.26329 0.612261 1 0 0 512 
4 2.2 -1.26957 0.602863 1 5.87225e-15 -1.61487e-15 1024 
4 2.2 -0.541301 0.145101 1 0 0 2048 
4 2.2 -1.46343 0.653743 1 0 0 4096 
4 2.2 -1.37805 0.607387 1 -1.17445e-14 1.61487e-15 8192 
4 2.2 -1.64085 0.664832 1 0 0 512 
4 2.2 -1.65787 0.695756 1 0 -1.61487e-15 1024 
4 2.2 -0.687986 0.30368 1 0 4.03717e-16 2048 
4 2.2 -1.54611 0.597642 1 -1.17445e-14 0 4096 
4 2.2 -1.41574 0.614002 1 0 0 8192 
4 2.2 -1.55541 0.670396 1 0 -1.61487e-15 512 
4 2.2 -1.1079 0.570363 1 1.17445e-14 0 1024 
4 2.2 -1.54106 0.688744 1 -1.17445e-14 1.61487e-15 2048 
4 2.2 -1.59037 0.662763 1 0 0 4096 
4 2.2 -0.819877 0.393109 1 0 0 8192 
4 2.2 -0.888061 0.351782 1 -5.87225e-15 4.03717e-16 512 
4 2.2 -1.24069 0.613024 1 0 1.61487e-15 1024 
4 2.2 -1.04514 0.366611 1 -5.87225e-15 0 2048 
4 2.2 -1.76985 0.729789 1 0 0 4096 
4 2.2 -0.58357 0.248105 1 2.93613e-15 2.01859e-16 8192 
4 2.2 -1.07521 0.465822 1 0 0 512 
4 2.2 -1.42984 0.574 1 1.17445e-14 0 1024 
4 2.2 -1.57438 0.647777 1 0 0 2048 
4 2.2 -1.53559 0.673674 1 0 1.61487e-15 4096 
4 2.2 -1.48407 0.649706 1 1.17445e-14 1.61487e-15 8192 
4 2.2 -0.668598 0.32909 1 0 -4.03717e-16 512 
4 2.2 -0.87928 0.332839 1 0 0 1024 
4 2.2 -1.39805 0.546659 1 0 0 2048 
4 2.2 -0.447295 0.148631 1 2.93613e-15 -1.00929e-16 4096 
4 2.2 -1.47689 0.688325 1 0 0 8192 
4 2.2 -0.998587 0.410507 1 -5.87225e-15 0 512 
4 2.2 -0.837 0.283262 1 -5.87225e-15 0 1024 
4 2.2 -1.50592 0.661439 1 -1.17445e-14 -1.61487e-15 2048 
4 2.2 -1.2512 0.502499 1 -5.87225e-15 0 4096 
4 2.2 -0.942955 0.375325 1 5.87225e-15 8.07435e-16 8192 
4 2.2 -1.63217 0.693248 1 0 -1.61487e-15 512 
4 2.2 -0.910021 0.47998 1 0 8.07435e-16 1024 
4 2.2 -0.62023 0.371603 1 2.93613e-15 0 2048 
4 2.2 -1.76958 0.719682 1 0 3.22974e-15 4096 
4 2.2 -0.563659 0.189959 1 0 2.01859e-16 8192 
4 2.2 -1.3957 0.634134 1 0 0 512 
4 2.2 -1.19312 0.545225 1 -5.87225e-15 -1.61487e-15 1024 
4 2.2 -0.870756 0.179011 1 -1.17445e-14 0 2048 
4 2.2 -0.436583 0.269802 1 0 4.03717e-16 4096 
4 2.2 -1.63338 0.720346 1 0 0 8192 
4 2.2 -0.95708 0.456081 1 -5.87225e-15 -8.07435e-16 512 
4 2.2 -1.55858 0.610339 1 0 1.61487e-15 1024 
4 2.2 -1.14908 0.395375 1 -5.87225e-15 0 2048 
4 2.2 -1.22618 0.548057 1 -5.87225e-15 -1.61487e-15 4096 
4 2.2 -1.39505 0.65802 1 1.17445e-14 -1.61487e-15 8192 
4 2.2 -1.50407 0.708207 1 0 0 512 
4 2.2 -1.19884 0.486292 1 5.87225e-15 0 1024 
4 2.2 -1.29733 0.599266 1 5.87225e-15 1.61487e-15 2048 
4 2.2 -1.31414 0.594379 1 0 1.61487e-15 4096 
4 2.2 -1.0514 0.419605 1 5.87225e-15 0 8192 
4 2.2 -0.995118 0.363966 1 -5.87225e-15 8.07435e-16 512 
4 2.2 -1.53885 0.707541 1 -1.17445e-14 3.22974e-15 1024 
4 2.2 -1.57396 0.654214 1 -1.17445e-14 0 2048 
4 2.2 -1.65942 0.720648 1 0 0 4096 
4 2.2 -1.30209 0.578672 1 0 -1.61487e-15 8192 
4 2.2 -0.457174 0.188773 1 -2.93613e-15 2.01859e-16 512 
4 2.2 -0.818103 0.349456 1 0 -4.03717e-16 1024 
4 2.2 -1.37938 0.584947 1 0 1.61487e-15 2048 
4 2.2 -1.13937 0.520953 1 -5.87225e-15 0 4096 
4 2.2 -1.06841 0.55222 1 -5.87225e-15 -1.61487e-15 8192 
4 2.2 -1.08526 0.439547 1 5.87225e-15 8.07435e-16 512 
4 2.2 -0.479458 0.133738 1 0 0 1024 
4 2.2 -0.927974 0.465765 1 -5.87225e-15 0 2048 
4 2.2 -1.09507 0.528596 1 0 0 4096 
4 2.2 -1.71521 0.723366 1 0 0 8192 
4 2.2 -1.36588 0.614945 1 -2.3489e-14 0 512 
4 2.2 -0.647724 0.098223 1 0 0 1024 
4 2.2 -0.891447 0.488119 1 5.87225e-15 0 2048 
4 2.2 -1.071 0.503512 1 -1.17445e-14 -1.61487e-15 4096 
4 2.2 -1.52393 0.639473 1 -1.17445e-14 0 8192 
4 2.2 -1.14922 0.466239 1 5.87225e-15 0 512 
4 2.2 -0.784954 0.286271 1 0 0 1024 
4 2.2 -1.16806 0.558838 1 5.87225e-15 1.61487e-15 2048 
4 2.2 -1.27659 0.572129 1 5.87225e-15 -1.61487e-15 4096 
4 2.2 -1.32947 0.608267 1 0 -1.61487e-15 8192 
4 2.2 -1.24152 0.603471 1 -5.87225e-15 1.61487e-15 512 
4 2.2 -1.26259 0.531306 1 5.87225e-15 0 1024 
4 2.2 -1.14833 0.387005 1 0 0 2048 
4 2.2 -1.39378 0.609796 1 -1.17445e-14 1.61487e-15 4096 
4 2.2 -1.35596 0.627323 1 1.17445e-14 -1.61487e-15 8192 
4 2.2 -0.766493 0.392405 1 0 0 512 
4 2.2 -1.16832 0.564665 1 5.87225e-15 1.61487e-15 1024 
4 2.2 -1.11077 0.471992 1 -5.87225e-15 8.07435e-16 2048 
4 2.2 -0.709554 0.455559 1 0 8.07435e-16 4096 
4 2.2 -1.02541 0.431232 1 0 8.07435e-16 8192 
4 2.2 -1.60398 0.645313 1 -1.17445e-14 0 512 
4 2.2 -1.76728 0.722795 1 -1.17445e-14 3.22974e-15 1024 
4 2.2 -1.50605 0.639742 1 0 -1.61487e-15 2048 
4 2.2 -1.58885 0.622759 1 0 0 4096 
4 2.2 -0.716307 0.159192 1 -5.87225e-15 0 8192 
4 2.2 -1.12822 0.498609 1 -1.17445e-14 0 512 
4 2.2 -0.954933 0.239732 1 5.87225e-15 2.01859e-16 1024 
4 2.2 -1.06819 0.518524 1 -5.87225e-15 -1.61487e-15 2048 
4 2.2 -1.0766 0.526173 1 0 0 4096 
4 2.2 -1.48118 0.633882 1 0 0 8192 
4 2.2 -1.03727 0.363089 1 0 0 512 
4 2.2 -1.7602 0.726702 1 0 -3.22974e-15 1024 
4 2.2 -1.47767 0.639404 1 0 0 2048 
4 2.2 -1.33822 0.613036 1 1.17445e-14 0 4096 
4 2.2 -1.52454 0.628863 1 0 1.61487e-15 8192 
4 2.2 -1.05865 0.454678 1 0 8.07435e-16 512 
4 2.2 -1.21331 0.521849 1 0 -1.61487e-15 1024 
4 2.2 -1.60716 0.692126 1 0 0 2048 
4 2.2 -1.63927 0.652368 1 -1.17445e-14 0 4096 
4 2.2 -1.19457 0.525043 1 5.87225e-15 0 8192 
4 2.2 -1.13675 0.562735 1 -5.87225e-15 -1.61487e-15 512 
4 2.2 -0.930174 0.330473 1 -5.87225e-15 -4.03717e-16 1024 
4 2.2 -1.50436 0.615815 1 0 -1.61487e-15 2048 
4 2.2 -0.871032 0.363141 1 5.87225e-15 8.07435e-16 4096 
4 2.2 -1.23386 0.523059 1 -5.87225e-15 1.61487e-15 8192 
4 2.2 -1.244 0.503422 1 5.87225e-15 1.61487e-15 512 
4 2.2 -1.22927 0.558504 1 0 1.61487e-15 1024 
4 2.2 -1.46813 0.548411 1 1.17445e-14 -1.61487e-15 2048 
4 2.2 -1.56319 0.671991 1 -1.17445e-14 1.61487e-15 4096 
4 2.2 -0.911528 0.503987 1 5.87225e-15 0 8192 
4 2.2 -1.28226 0.528036 1 -1.17445e-14 0 512 
4 2.2 -1.01056 0.43095 1 -5.87225e-15 0 1024 
4 2.2 -1.1587 0.420634 1 -1.17445e-14 0 2048 
4 2.2 -0.885068 0.308251 1 -5.87225e-15 4.03717e-16 4096 
4 2.2 -1.30379 0.598591 1 0 0 8192 
4 2.2 -1.2178 0.542274 1 0 0 16384 
4 2.2 -1.2751 0.552813 1 5.87225e-15 -1.61487e-15 32768 
4 2.2 -1.40967 0.638687 1 -1.17445e-14 0 16384 
4 2.2 -1.38887 0.555813 1 0 -1.61487e-15 32768 
4 2.2 -0.782634 0.14934 1 0 0 16384 
4 2.2 -1.20727 0.539752 1 -5.87225e-15 0 32768 
4 2.2 -1.38942 0.571224 1 1.17445e-14 1.61487e-15 16384 
4 2.2 -1.26176 0.537502 1 0 0 32768 
4 2.2 -1.23812 0.455334 1 0 0 16384 
4 2.2 -1.33373 0.580341 1 0 0 32768 
4 2.2 -1.01917 0.511152 1 5.87225e-15 0 16384 
4 2.2 -1.49846 0.693324 1 0 -1.61487e-15 32768 
4 2.2 -1.16505 0.59662 1 0 -1.61487e-15 16384 
4 2.2 -1.12461 0.51538 1 -5.87225e-15 0 32768 
4 2.2 -1.15753 0.488717 1 -5.87225e-15 0 16384 
4 2.2 -1.5076 0.70013 1 1.17445e-14 1.61487e-15 32768 
4 2.2 -0.939968 0.361334 1 0 8.07435e-16 16384 
4 2.2 -1.43841 0.608605 1 1.17445e-14 -1.61487e-15 32768 
4 2.2 -1.75954 0.734077 1 0 0 16384 
4 2.2 -1.14304 0.559559 1 -5.87225e-15 -1.61487e-15 32768 
4 2.2 -1.12753 0.51082 1 5.87225e-15 0 16384 
4 2.2 -1.09955 0.490911 1 -5.87225e-15 8.07435e-16 32768 
4 2.2 -1.32352 0.576373 1 0 1.61487e-15 16384 
4 2.2 -1.3269 0.582393 1 0 -1.61487e-15 32768 
4 2.2 -1.77382 0.709072 1 1.17445e-14 0 16384 
4 2.2 -1.44462 0.656592 1 1.17445e-14 0 32768 
4 2.2 -1.1786 0.491161 1 5.87225e-15 0 16384 
4 2.2 -1.52155 0.619369 1 -1.17445e-14 0 32768 
4 2.2 -1.30387 0.604127 1 5.87225e-15 -1.61487e-15 16384 
4 2.2 -1.88747 0.741916 1 1.17445e-14 0 32768 
4 2.2 -0.623035 0.279486 1 0 -4.03717e-16 16384 
4 2.2 -1.04148 0.485895 1 -5.87225e-15 0 32768 
4 2.2 -0.82545 0.432393 1 -5.87225e-15 0 16384 
4 2.2 -1.3077 0.578816 1 0 0 32768 
4 2.2 -1.17949 0.54866 1 -5.87225e-15 0 16384 
4 2.2 -1.36129 0.62841 1 0 0 32768 
4 2.2 -1.15851 0.49375 1 -5.87225e-15 -8.07435e-16 16384 
4 2.2 -1.47572 0.621459 1 1.17445e-14 1.61487e-15 32768 
4 2.2 -1.17159 0.510852 1 0 0 16384 
4 2.2 -0.733026 0.299208 1 5.87225e-15 0 32768 
4 2.2 -1.12263 0.31217 1 -5.87225e-15 0 16384 
4 2.2 -1.28958 0.596337 1 -5.87225e-15 -1.61487e-15 32768 
4 2.2 -0.735484 0.0689405 1 0 0 16384 
4 2.2 -1.28236 0.607329 1 0 0 32768 
4 2.2 -1.14769 0.597783 1 0 -1.61487e-15 16384 
4 2.2 -1.41462 0.57172 1 0 0 32768 
4 2.2 -1.166 0.575788 1 -1.17445e-14 0 16384 
4 2.2 -1.00277 0.415837 1 0 -8.07435e-16 32768 
4 2.2 -1.2472 0.493548 1 -1.17445e-14 8.07435e-16 16384 
4 2.2 -1.64937 0.682854 1 1.17445e-14 -1.61487e-15 32768 
4 2.2 -1.65592 0.712933 1 0 -3.22974e-15 16384 
4 2.2 -1.01168 0.370585 1 5.87225e-15 0 32768 
4 2.2 -1.6241 0.677664 1 0 1.61487e-15 16384 
4 2.2 -0.92299 0.483154 1 5.87225e-15 0 32768 
4 2.2 -1.82709 0.697204 1 1.17445e-14 1.61487e-15 16384 
4 2.2 -1.56829 0.665107 1 -1.17445e-14 1.61487e-15 32768 
4 2.2 -1.14211 0.453375 1 0 -8.07435e-16 16384 
4 2.2 -0.784399 0.330644 1 0 4.03717e-16 32768 
4 2.2 -1.10362 0.482162 1 0 0 16384 
4 2.2 -1.34781 0.583691 1 0 0 32768 
4 2.2 -1.16138 0.49649 1 0 0 16384 
4 2.2 -1.00227 0.48043 1 -5.87225e-15 8.07435e-16 32768 
4 2.2 -0.671576 0.333499 1 0 -4.03717e-16 16384 
4 2.2 -1.14856 0.486776 1 0 0 32768 
4 2.2 -1.56136 0.710591 1 2.3489e-14 3.22974e-15 16384 
4 2.2 -0.874751 0.204695 1 0 0 32768 
4 2.2 -1.52428 0.679004 1 1.17445e-14 1.61487e-15 16384 
4 2.2 -1.052 0.496472 1 5.87225e-15 0 32768 
4 2.2 -1.65373 0.722117 1 0 0 16384 
4 2.2 -1.22008 0.579635 1 5.87225e-15 1.61487e-15 32768 
4 2.2 -1.51514 0.569023 1 1.17445e-14 0 16384 
4 2.2 -1.19522 0.608436 1 0 -1.61487e-15 32768 
4 2.2 -0.570616 0.0889355 1 2.93613e-15 -5.04647e-17 16384 
4 2.2 -1.46876 0.567923 1 0 -1.61487e-15 32768 
4 2.2 -1.08026 0.529574 1 -5.87225e-15 1.61487e-15 16384 
4 2.2 -1.1544 0.534068 1 -5.87225e-15 0 32768 
4 2.2 -1.20116 0.571958 1 -1.17445e-14 0 16384 
4 2.2 -1.25663 0.618222 1 -5.87225e-15 -1.61487e-15 32768 
4 2.2 -0.608958 0.265645 1 5.87225e-15 4.03717e-16 16384 
4 2.2 -1.90277 0.768734 1 2.3489e-14 0 32768 
4 2.2 -1.39266 0.565444 1 0 0 16384 
4 2.2 -1.2091 0.561118 1 -5.87225e-15 0 32768 
4 2.2 -1.42588 0.658969 1 -1.17445e-14 0 16384 
4 2.2 -0.994158 0.430713 1 -5.87225e-15 0 32768 
4 2.2 -0.731681 0.287766 1 -5.87225e-15 0 16384 
4 2.2 -1.4233 0.580935 1 0 0 32768 
4 2.2 -1.14857 0.528469 1 0 -1.61487e-15 16384 
4 2.2 -0.916453 0.476705 1 0 0 32768 
4 2.2 -0.993189 0.512347 1 -5.87225e-15 1.61487e-15 16384 
4 2.2 -0.864042 0.425513 1 -5.87225e-15 0 32768 
4 2.2 -1.25644 0.606559 1 -5.87225e-15 1.61487e-15 16384 
4 2.2 -1.24501 0.559059 1 1.76168e-14 -1.61487e-15 32768 
4 2.2 -0.961379 0.465311 1 0 0 16384 
4 2.2 -1.42169 0.646753 1 0 0 32768 
4 2.2 -0.979292 0.0381632 1 1.17445e-14 -6.30809e-18 16384 
4 2.2 -0.869047 0.459614 1 -5.87225e-15 0 32768 
4 2.2 -1.47691 0.649268 1 0 0 16384 
4 2.2 -1.4949 0.614657 1 0 -1.61487e-15 32768 
4 2.2 -0.77017 0.344479 1 -5.87225e-15 4.03717e-16 16384 
4 2.2 -0.939431 0.230568 1 5.87225e-15 2.01859e-16 32768 
4 2.2 -0.929382 0.449476 1 0 8.07435e-16 16384 
4 2.2 -2.26759 0.860745 1 0 3.22974e-15 32768 
4 2.2 -0.516905 0.149603 1 -2.93613e-15 0 16384 
4 2.2 -1.14512 0.484933 1 5.87225e-15 0 32768 
4 2.2 -0.983828 0.359457 1 0 0 16384 
4 2.2 -1.75553 0.690356 1 0 0 32768 
4 2.2 -1.8189 0.744271 1 2.3489e-14 3.22974e-15 16384 
4 2.2 -0.812521 0.0447261 1 5.87225e-15 0 32768 
4 2.2 -0.84339 0.43642 1 0 0 16384 
4 2.2 -1.78833 0.698364 1 0 1.61487e-15 32768 
4 2.2 -1.54385 0.689932 1 -1.17445e-14 1.61487e-15 16384 
4 2.2 -1.50387 0.635348 1 1.17445e-14 -1.61487e-15 32768 
4 2.2 -1.4278 0.611751 1 -1.17445e-14 1.61487e-15 16384 
4 2.2 -1.10843 0.520526 1 0 0 32768 
4 2.2 -1.31193 0.604482 1 5.87225e-15 -1.61487e-15 16384 
4 2.2 -0.852896 0.235825 1 0 -2.01859e-16 32768 
4 2.2 -1.24865 0.622531 1 0 -1.61487e-15 16384 
4 2.2 -1.21726 0.510668 1 -1.17445e-14 -1.61487e-15 32768 
4 2.2 -1.18563 0.492968 1 0 -8.07435e-16 16384 
4 2.2 -0.92192 0.360093 1 -5.87225e-15 0 32768 
4 2.2 -1.10418 0.569456 1 -5.87225e-15 0 16384 
4 2.2 -0.680824 0.339674 1 0 -4.03717e-16 32768 
4 2.2 -0.715375 0.336677 1 -5.87225e-15 0 16384 
4 2.2 -1.57266 0.662739 1 1.17445e-14 -1.61487e-15 32768 
4 2.2 -0.816717 0.443605 1 -5.87225e-15 0 16384 
4 2.2 -0.862854 0.388036 1 0 0 32768 
4 2.2 -1.2452 0.552004 1 0 1.61487e-15 16384 
4 2.2 -0.695687 0.287565 1 0 0 32768 
4 2.2 -0.814931 0.438627 1 0 0 16384 
4 2.2 -0.903302 0.451275 1 0 0 32768 
4 2.2 -0.670794 0.332176 1 0 0 16384 
4 2.2 -1.09466 0.555434 1 5.87225e-15 0 32768 
4 2.2 -1.74003 0.747024 1 0 0 16384 
4 2.2 -1.23237 0.600021 1 0 0 32768 
4 2.2 -1.00512 0.466467 1 -5.87225e-15 0 16384 
4 2.2 -1.63039 0.678438 1 -1.17445e-14 -1.61487e-15 32768 
4 2.2 -1.32621 0.557836 1 5.87225e-15 0 16384 
4 2.2 -1.58292 0.633691 1 0 1.61487e-15 32768 
4 2.2 -1.32081 0.641111 1 0 0 16384 
4 2.2 -0.477466 0.15824 1 0 1.00929e-16 32768 
4 2.2 -1.12545 0.437555 1 -5.87225e-15 0 16384 
4 2.2 -1.48825 0.644399 1 1.17445e-14 0 32768 
4 2.2 -1.26263 0.614121 1 0 0 16384 
4 2.2 -0.963171 0.41612 1 -1.17445e-14 -8.07435e-16 32768 
4 2.2 -1.03227 0.46394 1 0 8.07435e-16 16384 
4 2.2 -1.38035 0.595153 1 0 -1.61487e-15 32768 
4 2.2 -1.1351 0.406127 1 -5.87225e-15 8.07435e-16 16384 
4 2.2 -0.900727 0.405902 1 5.87225e-15 -8.07435e-16 32768 
4 2.2 -1.3528 0.592602 1 0 -1.61487e-15 16384 
4 2.2 -1.45507 0.631376 1 2.3489e-14 1.61487e-15 32768 
4 2.2 -1.59539 0.667777 1 -1.17445e-14 0 16384 
4 2.2 -1.35334 0.599542 1 0 0 32768 
4 2.2 -1.58521 0.663867 1 0 0 16384 
4 2.2 -0.852524 0.24243 1 -5.87225e-15 2.01859e-16 32768 
4 2.2 -1.56411 0.663976 1 0 1.61487e-15 16384 
4 2.2 -1.11668 0.567684 1 -5.87225e-15 -1.61487e-15 32768 
4 2.2 -1.12797 0.479321 1 -5.87225e-15 0 16384 
4 2.2 -1.67106 0.708183 1 0 -3.22974e-15 32768 
4 2.2 -1.23587 0.607226 1 0 1.61487e-15 16384 
4 2.2 -1.46975 0.654243 1 0 0 32768 
4 2.2 -1.46666 0.650964 1 1.17445e-14 0 16384 
4 2.2 -1.53925 0.698864 1 0 -1.61487e-15 32768 
4 2.2 -0.507407 0.124939 1 2.93613e-15 -5.04647e-17 16384 
4 2.2 -1.50982 0.672687 1 1.17445e-14 -1.61487e-15 32768 
4 2.2 -1.23874 0.606411 1 5.87225e-15 -1.61487e-15 16384 
4 2.2 -1.35487 0.590782 1 0 1.61487e-15 32768 
4 2.2 -1.53396 0.604839 1 0 1.61487e-15 16384 
4 2.2 -1.24988 0.527983 1 -5.87225e-15 -1.61487e-15 32768 
4 2.2 -1.6603 0.708274 1 -1.17445e-14 0 16384 
4 2.2 -0.656491 0.250508 1 0 4.03717e-16 32768 
4 2.2 -1.01167 0.469632 1 0 -8.07435e-16 16384 
4 2.2 -1.38825 0.579092 1 0 1.61487e-15 32768 
4 2.2 -1.4411 0.595974 1 0 0 16384 
4 2.2 -0.728203 0.209888 1 0 -2.01859e-16 32768 
4 2.2 -1.06871 0.578328 1 5.87225e-15 0 16384 
4 2.2 -1.08358 0.580977 1 0 0 32768 
4 2.2 -1.39173 0.500833 1 0 1.61487e-15 16384 
4 2.2 -1.37028 0.628723 1 1.17445e-14 -1.61487e-15 32768 
4 2.2 -0.716335 0.386555 1 0 -8.07435e-16 16384 
4 2.2 -1.64672 0.695812 1 1.17445e-14 1.61487e-15 32768 
4 2.2 -1.15388 0.552117 1 -5.87225e-15 0 16384 
4 2.2 -1.3552 0.602059 1 0 1.61487e-15 32768 
4 2.2 -0.83212 0.428999 1 0 8.07435e-16 16384 
4 2.2 -0.845031 0.39982 1 5.87225e-15 8.07435e-16 32768 
4 2.2 -0.924326 0.444216 1 -5.87225e-15 0 16384 
4 2.2 -1.15173 0.572818 1 -1.17445e-14 -1.61487e-15 32768 
4 2.2 -1.66133 0.716123 1 0 0 16384 
4 2.2 -0.775295 0.269706 1 0 -4.03717e-16 32768 
4 2.2 -1.10292 0.5124 1 -5.87225e-15 0 16384 
4 2.2 -1.12148 0.475224 1 -1.17445e-14 8.07435e-16 32768 
4 2.2 -1.4714 0.634436 1 0 1.61487e-15 16384 
4 2.2 -1.21388 0.565525 1 5.87225e-15 -1.61487e-15 32768 
4 2.2 -1.18215 0.570775 1 0 -1.61487e-15 16384 
4 2.2 -1.63646 0.671583 1 1.17445e-14 -1.61487e-15 32768 
4 2.2 -1.58751 0.692201 1 -1.17445e-14 0 16384 
4 2.2 -0.912331 0.442588 1 0 0 32768 
4 2.2 -0.952307 0.375343 1 1.17445e-14 0 16384 
4 2.2 -1.19082 0.546692 1 0 1.61487e-15 32768 
4 2.2 -1.29375 0.505916 1 0 0 16384 
4 2.2 -1.51902 0.662001 1 -1.17445e-14 1.61487e-15 32768 
4 2.2 -0.949522 0.442061 1 -1.17445e-14 0 65536 
4 2.2 -1.3508 0.645362 1 0 0 131072 
4 2.2 -1.97973 0.738184 1 0 0 65536 
4 2.2 -0.944379 0.494545 1 0 8.07435e-16 131072 
4 2.2 -1.35094 0.609496 1 -1.17445e-14 -1.61487e-15 65536 
4 2.2 -1.58269 0.699468 1 0 -1.61487e-15 131072 
4 2.2 -0.592731 0.32035 1 0 4.03717e-16 65536 
4 2.2 -1.21507 0.597504 1 -5.87225e-15 0 131072 
4 2.2 -0.876136 0.125238 1 -5.87225e-15 0 65536 
4 2.2 -0.749716 0.403124 1 -5.87225e-15 -8.07435e-16 131072 
4 2.2 -0.977713 0.428343 1 0 0 65536 
4 2.2 -0.574142 0.122093 1 8.80838e-15 0 131072 
4 2.2 -1.15827 0.530036 1 5.87225e-15 1.61487e-15 65536 
4 2.2 -1.66511 0.668843 1 -1.17445e-14 0 131072 
4 2.2 -1.44327 0.603639 1 0 1.61487e-15 262144 
4 2.2 -0.829878 0.098278 1 -5.87225e-15 0 524288 
4 2.2 -2.01565 0.802222 1 -1.17445e-14 -3.22974e-15 1.04858e+06 
4 2.2 -1.47051 0.589416 1 0 0 65536 
4 2.2 -0.964542 0.35748 1 5.87225e-15 0 131072 
4 2.2 -1.55235 0.63092 1 0 1.61487e-15 262144 
4 2.2 -1.1871 0.543188 1 5.87225e-15 1.61487e-15 524288 
4 2.2 -1.2704 0.536036 1 1.17445e-14 0 1.04858e+06 
4 2.2 -1.10832 0.375643 1 0 8.07435e-16 65536 
4 2.2 -1.64402 0.701145 1 0 0 131072 
4 2.2 -0.635353 0.081248 1 0 0 262144 
4 2.2 -1.68374 0.668852 1 0 1.61487e-15 524288 
4 2.2 -1.08979 0.418717 1 0 0 1.04858e+06 
4 2.2 -0.524218 0.255532 1 0 0 65536 
4 2.2 -0.649059 0.351454 1 5.87225e-15 0 131072 
4 2.2 -1.23863 0.56148 1 0 -1.61487e-15 262144 
4 2.2 -1.3059 0.537275 1 0 0 524288 
4 2.2 -1.46735 0.623155 1 0 0 1.04858e+06 
4 2.2 -1.14108 0.482044 1 1.17445e-14 0 65536 
4 2.2 -1.63595 0.717921 1 1.17445e-14 0 131072 
4 2.2 -0.792679 0.40966 1 0 0 262144 
4 2.2 -0.811194 0.507988 1 0 -1.61487e-15 524288 
4 2.2 -1.38155 0.59842 1 1.17445e-14 0 1.04858e+06 
4 2.2 -1.57064 0.718111 1 0 0 65536 
4 2.2 -1.47153 0.625247 1 0 1.61487e-15 131072 
4 2.2 -1.23689 0.567014 1 5.87225e-15 0 262144 
4 2.2 -1.20419 0.568976 1 0 -1.61487e-15 524288 
4 2.2 -0.861172 0.38433 1 -1.17445e-14 0 1.04858e+06 
