#!/bin/bash
$1/main.exe 1 4 2.20 2.204 30 6000 7000 1
$1/main.exe 1 8 2.20 2.204 30 6000 7000 1
$1/main.exe 1 8 2.20 2.204 30 6000 7000 1
$1/main.exe 1 16 2.20 2.204 30 6000 7000 1
$1/main.exe 1 16 2.20 2.204 30 6000 7000 1
$1/main.exe 1 16 2.20 2.204 30 6000 7000 1
$1/main.exe 1 16 2.20 2.204 30 6000 7000 1
$1/main.exe 1 32 2.20 2.204 30 6000 7000 1
$1/main.exe 1 32 2.20 2.204 30 6000 7000 1
$1/main.exe 1 32 2.20 2.204 30 6000 7000 1
$1/main.exe 1 32 2.20 2.204 30 6000 7000 1
$1/main.exe 1 32 2.20 2.204 30 6000 7000 1
$1/main.exe 1 32 2.20 2.204 30 6000 7000 1
$1/main.exe 1 32 2.20 2.204 30 6000 7000 1
$1/main.exe 1 32 2.20 2.204 30 6000 7000 1
