#!/bin/bash
./main.exe 0 4 2.202 300 1 4 1 1
./main.exe 0 4 2.202 300 1 16 1 1
./main.exe 0 4 2.202 300 1 64 1 1
./main.exe 0 4 2.202 300 1 256 1 1
./main.exe 0 4 2.202 300 1 1024 1 1
./main.exe 0 4 2.202 300 1 4096 1 1
./main.exe 0 4 2.202 300 1 16384 1 1
./main.exe 0 4 2.202 300 1 65536 1 1
./main.exe 0 4 2.202 300 1 262144 1 1
./main.exe 0 8 2.202 300 1 4 1 1
./main.exe 0 8 2.202 300 1 16 1 1
./main.exe 0 8 2.202 300 1 64 1 1
./main.exe 0 8 2.202 300 1 256 1 1
./main.exe 0 8 2.202 300 1 1024 1 1
./main.exe 0 8 2.202 300 1 4096 1 1
./main.exe 0 8 2.202 300 1 16384 1 1
./main.exe 0 8 2.202 300 1 65536 1 1
./main.exe 0 8 2.202 300 1 262144 1 1
./main.exe 0 16 2.202 300 1 4 1 1
./main.exe 0 16 2.202 300 1 16 1 1
./main.exe 0 16 2.202 300 1 64 1 1
./main.exe 0 16 2.202 300 1 256 1 1
./main.exe 0 16 2.202 300 1 1024 1 1
./main.exe 0 16 2.202 300 1 4096 1 1
./main.exe 0 16 2.202 300 1 16384 1 1
./main.exe 0 16 2.202 300 1 65536 1 1
./main.exe 0 16 2.202 300 1 262144 1 1
