#!/bin/bash
$1/main.exe 0 32 2.202 300 1 2 1 1
$1/main.exe 0 32 2.202 300 1 2 1 1
$1/main.exe 0 32 2.202 300 1 2 1 1
$1/main.exe 0 32 2.202 300 1 2 1 1
$1/main.exe 0 32 2.202 300 1 4 1 1
$1/main.exe 0 32 2.202 300 1 8 1 1
$1/main.exe 0 32 2.202 300 1 16 1 1
$1/main.exe 0 32 2.202 300 1 32 1 1
$1/main.exe 0 32 2.202 300 1 64 1 1
$1/main.exe 0 32 2.202 300 1 128 1 1
$1/main.exe 0 32 2.202 300 1 256 1 1
$1/main.exe 0 32 2.202 300 1 512 1 1
$1/main.exe 0 32 2.202 300 1 1024 1 1
$1/main.exe 0 32 2.202 300 1 2048 1 1
$1/main.exe 0 32 2.202 300 1 4096 1 1
$1/main.exe 0 32 2.202 300 1 2 1 0
$1/main.exe 0 32 2.202 300 1 4 1 0
$1/main.exe 0 32 2.202 300 1 8 1 0
$1/main.exe 0 32 2.202 300 1 16 1 0
$1/main.exe 0 32 2.202 300 1 32 1 0
$1/main.exe 0 32 2.202 300 1 64 1 0
$1/main.exe 0 32 2.202 300 1 128 1 0
$1/main.exe 0 32 2.202 300 1 256 1 0
$1/main.exe 0 32 2.202 300 1 512 1 0
$1/main.exe 0 32 2.202 300 1 1024 1 0
$1/main.exe 0 32 2.202 300 1 2048 1 0
$1/main.exe 0 32 2.202 300 1 4096 1 0
$1/main.exe 0 16 2.202 300 1 4 1 1
$1/main.exe 0 16 2.202 300 1 8 1 1
$1/main.exe 0 16 2.202 300 1 16 1 1
$1/main.exe 0 16 2.202 300 1 32 1 1
$1/main.exe 0 16 2.202 300 1 64 1 1
$1/main.exe 0 16 2.202 300 1 128 1 1
$1/main.exe 0 16 2.202 300 1 256 1 1
$1/main.exe 0 16 2.202 300 1 512 1 1
$1/main.exe 0 16 2.202 300 1 1024 1 1
$1/main.exe 0 16 2.202 300 1 2048 1 1
$1/main.exe 0 16 2.202 300 1 4096 1 1
$1/main.exe 0 16 2.202 300 1 2 1 0
$1/main.exe 0 16 2.202 300 1 4 1 0
$1/main.exe 0 16 2.202 300 1 8 1 0
$1/main.exe 0 16 2.202 300 1 16 1 0
$1/main.exe 0 16 2.202 300 1 32 1 0
$1/main.exe 0 16 2.202 300 1 64 1 0
$1/main.exe 0 16 2.202 300 1 128 1 0
$1/main.exe 0 16 2.202 300 1 256 1 0
$1/main.exe 0 16 2.202 300 1 512 1 0
$1/main.exe 0 16 2.202 300 1 1024 1 0
$1/main.exe 0 16 2.202 300 1 2048 1 0
$1/main.exe 0 16 2.202 300 1 4096 1 0
$1/main.exe 0 8 2.202 300 1 4 1 1
$1/main.exe 0 8 2.202 300 1 8 1 1
$1/main.exe 0 8 2.202 300 1 16 1 1
$1/main.exe 0 8 2.202 300 1 32 1 1
$1/main.exe 0 8 2.202 300 1 64 1 1
$1/main.exe 0 8 2.202 300 1 128 1 1
$1/main.exe 0 8 2.202 300 1 256 1 1
$1/main.exe 0 8 2.202 300 1 512 1 1
$1/main.exe 0 8 2.202 300 1 1024 1 1
$1/main.exe 0 8 2.202 300 1 2048 1 1
$1/main.exe 0 8 2.202 300 1 4096 1 1
$1/main.exe 0 8 2.202 300 1 2 1 0
$1/main.exe 0 8 2.202 300 1 4 1 0
$1/main.exe 0 8 2.202 300 1 8 1 0
$1/main.exe 0 8 2.202 300 1 16 1 0
$1/main.exe 0 8 2.202 300 1 32 1 0
$1/main.exe 0 8 2.202 300 1 64 1 0
$1/main.exe 0 8 2.202 300 1 128 1 0
$1/main.exe 0 8 2.202 300 1 256 1 0
$1/main.exe 0 8 2.202 300 1 512 1 0
$1/main.exe 0 8 2.202 300 1 1024 1 0
$1/main.exe 0 8 2.202 300 1 2048 1 0
$1/main.exe 0 8 2.202 300 1 4096 1 0
$1/main.exe 0 4 2.202 300 1 4 1 1
$1/main.exe 0 4 2.202 300 1 8 1 1
$1/main.exe 0 4 2.202 300 1 16 1 1
$1/main.exe 0 4 2.202 300 1 32 1 1
$1/main.exe 0 4 2.202 300 1 64 1 1
$1/main.exe 0 4 2.202 300 1 128 1 1
$1/main.exe 0 4 2.202 300 1 256 1 1
$1/main.exe 0 4 2.202 300 1 512 1 1
$1/main.exe 0 4 2.202 300 1 1024 1 1
$1/main.exe 0 4 2.202 300 1 2048 1 1
$1/main.exe 0 4 2.202 300 1 4096 1 1
$1/main.exe 0 4 2.202 300 1 2 1 0
$1/main.exe 0 4 2.202 300 1 4 1 0
$1/main.exe 0 4 2.202 300 1 8 1 0
$1/main.exe 0 4 2.202 300 1 16 1 0
$1/main.exe 0 4 2.202 300 1 32 1 0
$1/main.exe 0 4 2.202 300 1 64 1 0
$1/main.exe 0 4 2.202 300 1 128 1 0
$1/main.exe 0 4 2.202 300 1 256 1 0
$1/main.exe 0 4 2.202 300 1 512 1 0
$1/main.exe 0 4 2.202 300 1 1024 1 0
$1/main.exe 0 4 2.202 300 1 2048 1 0
$1/main.exe 0 4 2.202 300 1 4096 1 0
