#comment
2.201600000000004442313183972146    0.030703949353143085432282788361    0.001639693431552512268428722919    
2.201604000000002780979002636741    0.030244220946810611294619519640    0.001809501234586887059851978421    
2.201607999999995346485093250521    0.030400818636369324882151587985    0.001809658866939840675402972892    
2.201612000000003455113528616494    0.028649229965536222169975033580    0.001698777394083085447856751315    
2.201616000000001349690137431026    0.027211841799703158362166988127    0.001650277165817383819360064656    
2.201619999999997911999116695370    0.027407345491175412466322569571    0.001661899861674948292514231163    
2.201624000000002467913873260841    0.027070120144184601357340014260    0.001707954244291515428014194278    
2.201627999999999918401272225310    0.028728714078393714076442577721    0.001820177866888492710165103894    
2.201631999999997812977881039842    0.025766000482196349530283896456    0.001638785851630984941387780829    
2.201636000000001036625008055125    0.027519668787967105361147446274    0.001819695126694687590043764125    
2.201639999999998043023197169532    0.025453375427769688033041717290    0.001663520082639240215208187301    
2.201643999999996381689015834127    0.025751111747769006576902484085    0.001775918573805721281666514244    
2.201648000000003602139031499973    0.025781668975774798407973875669    0.001806142488389511939136933272    
2.201651999999997499912751663942    0.027498716430621121531441275465    0.001874970446294218270194553710    
2.201656000000004720362767329789    0.026586872535543502882315891611    0.001858474211071399007436100170    
2.201660000000002170850166294258    0.025334420128393229931784702558    0.001784540590538325746314263220    
2.201663999999996068623886458226    0.026258373662640620976871375092    0.001982992294132529358108296691    
2.201668000000003733163111974136    0.024916291887810922134338653677    0.001814725248634243290682399596    
2.201672000000001183650510938605    0.022648869065192693550425673266    0.001763227978105474458639378987    
2.201675999999998634137909903075    0.024328407833433932788702591665    0.001890661918583879828534288770    
2.201680000000003190052666468546    0.023924831381443675826226069603    0.001899310766501735537811756949    
2.201684000000000196450855582952    0.022330336461142036991178727590    0.001743185845662943928360832935    
2.201687999999997646938254547422    0.023357644210420806102357360601    0.001886219289496737089306677149    
2.201692000000001758763801262830    0.021606902203460589401151636935    0.001820584115319751018421956523    
2.201695999999998765161990377237    0.020147648653960261583284463427    0.002409056498637575805671362517    
2.201699999999996659738599191769    0.021114177046391121445045868654    0.001849699163406468699344387119    
2.201704000000004324277824707679    0.019577972479056685722875741362    0.001759764745808067897339665997    
2.201707999999996889783915321459    0.019583947186933167716738068975    0.001762428413561669196529813064    
2.201711999999995228449733986054    0.017506626692339766204753459533    0.001640681489659534444264243902    
2.201716000000002892988959501963    0.018259868616938897817325582196    0.001763266619211775699735400558    
2.201719999999996790762679665932    0.018240585596919382110892016158    0.001824761898876583023423880725    
2.201724000000004011212695331778    0.015982068068331228144485223197    0.001653248587571508549168286528    
2.201728000000001905789304146310    0.016584573425412061503658733841    0.001715894833413604114030759362    
2.201731999999994915384604610153    0.015811905450811181150783113480    0.001725605164673499943711609816    
2.201736000000002579923830126063    0.016166974457987960678284622418    0.001780045636934867326478526550    
2.201740000000000474500438940595    0.014555432649043577655878500821    0.001672265098552945354615228979    
2.201743999999997924987837905064    0.013694636351674078361684294691    0.001654504294777463073440326724    
2.201748000000001592724174770410    0.012960370728536936210661956181    0.001604797209723070978634740236    
2.201751999999999043211573734879    0.010865814670205786382495283249    0.001372225815214491535451446502    
2.201755999999997381877392399474    0.012378768540679097043266665423    0.001605577098194636625691500420    
2.201760000000005046416617915384    0.010456240994279698830471403426    0.001453510915305131255895187969    
2.201763999999998056011918379227    0.009573581078248108791606263424    0.001400853480608877646082510715    
2.201767999999995950588527193759    0.009516914107381249307571202678    0.001428019638719917007094184491    
2.201772000000003171038542859606    0.009905804731642179825068517118    0.001529893445524623755288340377    
2.201775999999997068812263023574    0.009035125912970499301168914030    0.001491432259816369591473583789    
2.201780000000004733351488539483    0.007701195760305096747744268981    0.001353922520073011373856197714    
2.201784000000003072017307204078    0.007484754131081215039467124939    0.001379589413106609326054030618    
2.201787999999995637523397817858    0.006891160444866934429997140654    0.001337325108238404235833085565    
2.201792000000003302062623333768    0.006920767431986447025538122801    0.001395013618581745140287408979    
2.201796000000001196639232148300    0.005813312510461175232345798491    0.001275041254978517011112182367    
2.201799999999998203037421262707    0.005239913017972162509461320212    0.001238375049637518163572758034    
2.201804000000002314862967978115    0.004692536869994319397025872576    0.001178529509701228264115235866    
2.201808000000000209439576792647    0.004305359714388342674828979995    0.001180481700980613767384963531    
2.201811999999996771748556056991    0.003497276519555272619732555484    0.001052930546425035309224260693    
2.201816000000001327663312622462    0.003108505690962355596379529388    0.001025344414739444041592686396    
2.201819999999998334061501736869    0.002632861951034603728571958925    0.000953361924890990517812705551    
2.201823999999995784548900701338    0.002197173720251881321591236329    0.000906517514938467322029025386    
2.201828000000004337266545917373    0.001740985288825546177179925955    0.000832133077378960318501444071    
2.201831999999997790951056231279    0.001275169300266556886291891004    0.000740745831873902238311202506    
2.201836000000005455490281747188    0.000949888185169337406418832437    0.000673287817611174679681418365    
2.201840000000002461888470861595    0.000649078787452834257004630203    0.000583385303962708260359926182    
2.201843999999996359662191025564    0.000453709076582705294819475306    0.000547180351364337015131200648    
2.201848000000003580112206691410    0.000260182614527583791746295772    0.000461615051659228453704436612    
2.201852000000001918778025356005    0.000137765951108971128769714598    0.000367024845431647732049706967    
2.201855999999998925176214470412    0.000102377742188836849896241277    0.000308738173723726238521086751    
2.201860000000002148823341485695    0.000148595661609973196930906125    0.000288679801662624106392551759    
2.201864000000000043399950300227    0.000297206190944681073688032891    0.000331110622735531618093113293    
2.201867999999997493887349264696    0.000549708388616791839009767529    0.000415644107028302839737521346    
2.201872000000002049802105830167    0.000968979411494296774196022248    0.000562767988812967528619579660    
2.201875999999999056200294944574    0.001539994480553156771043821216    0.000744179148637974844336662184    
2.201879999999996506687693909043    0.002253522018419742284356388495    0.000936700528026888868879384908    
2.201884000000004615316129275016    0.002885985531230208026021166745    0.001032199534675305252831578606    
2.201887999999997180822219888796    0.003882388682613058163844987902    0.001223675428215955989993957154    
2.201891999999995519488038553391    0.005524575757942084414109373824    0.001601168422261334007422606263    
2.201896000000003184027264069300    0.007171734389245184616845651959    0.001883914462759289209364821360    
2.201899999999997081800984233269    0.009047077819801579642855493546    0.002150056036696956687087611826    
2.201904000000004302250999899115    0.011328335428593620803905395178    0.002511977135522995042971050594    
2.201908000000002640916818563710    0.014592565447814060189402063372    0.003038337230742561238111543176    
2.201911999999995650512119027553    0.016441829739541721083773140322    0.003128284630819995904699171163    
2.201916000000003315051344543463    0.022153209973273316202302396505    0.003999790447516607568012592111    
2.201920000000000765538743507932    0.024746424052914144792181261323    0.004206643022678175670991951307    
2.201923999999997771936932622339    0.027724887946616885714412603647    0.004393160880272206809948887241    
2.201928000000002327851689187810    0.031417193667262505174520015316    0.004744879345790508663738282991    
2.201931999999999778339088152279    0.041334440723723574195869190362    0.006028551599887248431397512860    
2.201935999999997672915696966811    0.048503346198147938295175407575    0.006762031199289740036884044372    
2.201940000000000896562823982094    0.057208403357313343529089166850    0.007632809887710543042538269276    
2.201943999999997902961013096501    0.066166265961476178336653219958    0.008634515170847819123811639486    
2.201947999999996241626831761096    0.078010779351002201842391059472    0.009637302608401451115005542647    
2.201952000000003462076847426943    0.099855967395809458464484009710    0.012163702476499466814674477178    
2.201955999999997359850567590911    0.110440209302467007290715628187    0.012751932630411598468267442286    
2.201960000000005024389793106820    0.126090284840555538758977149882    0.013902341664596728695868499415    
2.201964000000002030787982221227    0.158589650704092116617616170515    0.017565591801711813446651433424    
2.201967999999995928561702385196    0.163841338595071689399063075143    0.017312201903576712735954856726    
2.201972000000003593100927901105    0.207960787714594808051060681464    0.022213188106987868247754747131    
2.201976000000001487677536715637    0.258155020140774738024447287899    0.026706467377008227814805252365    
2.201979999999998494075725830044    0.283059654880513433816702217882    0.029756687899177867995259560985    
2.201984000000003049990482395515    0.361932193868122309421408999697    0.038206507069001374721217700881    
2.201988000000000056388671509922    0.413540807690938316820705722421    0.044236723183506694578870366286    
2.201991999999997506876070474391    0.400772194902639544711320240822    0.044736352665617457047275706827    
2.201996000000001618701617189799    0.504354313687642719088444209774    0.058282950050390601448579985799    
