   1.7000000000000000        1.0002629800000002        6.5061957765585236E-007          20
   1.7500000000000000        1.0003201699999997        6.2571570991470359E-007          20
   1.8000000000000000        1.0003946649999997        9.0823769317095145E-007          20
   1.8500000000000001        1.0005055650000001        1.1248353514109580E-006          20
   1.8999999999999999        1.0006612449999994        1.6174488052043455E-006          20
   1.9500000000000000        1.0009126950000000        2.2380060892509157E-006          20
   2.0000000000000000        1.0013538299999998        2.0214785881322912E-006          20
   2.0499999999999998        1.0022132650000000        5.4810412771040608E-006          20
   2.1000000000000001        1.0043862899999998        1.5139432373934438E-005          20
   2.1499999999999999        1.0135767099999999        3.4387857519648349E-005          20
   2.1980000000000000        1.1784767924999999        4.0700211983869355E-004          40
   2.1989999999999998        1.1927727374999999        4.4795043875847185E-004          40
   2.2000000000000002        1.2075395766666666        5.4250341724217132E-004          60
   2.2010000000000001        1.2241814874999999        5.4007803111284693E-004          40
   2.2020000000000000        1.2412511749999997        5.9257346048485846E-004          40
   2.2029999999999998        1.2591790400000002        6.5153574630720849E-004          40
   2.2040000000000002        1.2779088100000000        7.1936862715150267E-004          40
   2.2050000000000001        1.2973711200000002        7.9881562986147540E-004          40
   2.2060000000000000        1.3174846900000001        8.9268195125120616E-004          40
   2.2069999999999999        1.3381579225000000        1.0036799505300394E-003          40
   2.2080000000000002        1.3592908349999999        1.1344290704736275E-003          40
   2.2090000000000001        1.3807773150000000        1.2877800319504938E-003          40
   2.2100000000000000        1.4025074375000002        1.4674177001279534E-003          40
   2.2109999999999999        1.4243700299999997        1.6787090138960794E-003          40
   2.2120000000000002        1.4462550425000000        1.9297667178797974E-003          40
   2.2130000000000001        1.4680558675000004        2.2324939998522165E-003          40
   2.2140000000000000        1.4896713675000000        2.6033954266290334E-003          40
   2.2149999999999999        1.5110074174999999        3.0637688529507514E-003          40
   2.2160000000000002        1.5319779475000004        3.6390277460053178E-003          40
   2.2170000000000001        1.5525052600000002        4.3570267397565346E-003          40
   2.2180000000000000        1.5725193725000000        5.2456463622670519E-003          40
   2.2189999999999999        1.5919567350000001        6.3298721732832092E-003          40
   2.2200000000000002        1.6107578500000002        7.6286849440202692E-003          40
   2.2500000000000000        1.8924587599999998        3.1656547185548440E-003          20
   2.2999999999999998        1.9704664050000003        5.4810541022904712E-003          20
   2.3500000000000001        1.9961681750000000        6.0160626428509703E-003          20
   2.3999999999999999        1.9831485099999999        8.2646366714097651E-003          20
   2.4500000000000002        1.9963381949999994        9.0853105581315194E-003          20
   2.5000000000000000        1.9765692249999998        7.2321027306324077E-003          20
   2.5499999999999998        2.0093242650000005        1.0902256139711750E-002          20
   2.6000000000000001        2.0056173650000000        7.7024353684533101E-003          20
   2.6499999999999999        1.9882280700000003        5.4395420546615057E-003          20
   2.7000000000000002        1.9873628700000001        7.9376558215403133E-003          20
