   1.7000000000000000        1.0271743980000001        2.5321162770795222E-005         100
   1.7500000000000000        1.0329047120000003        2.8128606823156793E-005         100
   1.8000000000000000        1.0401055770000001        4.1057073658410673E-005         100
   1.8500000000000001        1.0492477650000005        4.9187110874417593E-005         100
   1.8999999999999999        1.0609633499999997        6.5821921868346829E-005         100
   1.9500000000000000        1.0755792480000002        8.5750659029697714E-005         100
   2.0000000000000000        1.0938265099999998        1.0358886793017171E-004         100
   2.0499999999999998        1.1163167960000000        1.2828902408013095E-004         100
   2.1000000000000001        1.1432332620000005        1.3561622860283623E-004         100
   2.1499999999999999        1.1744191349999997        1.7667449304415334E-004         100
   2.1980000000000000        1.2085850329999999        3.0646781757624059E-004         100
   2.1989999999999998        1.2093299280000003        3.0779033730438397E-004         100
   2.2000000000000002        1.2100926395000002        1.8528673899630184E-004         200
   2.2010000000000001        1.2108238989999998        3.1045053608750022E-004         100
   2.2020000000000000        1.2115729780000004        3.1178811895685930E-004         100
   2.2029999999999998        1.2123234490000001        3.1313240359636876E-004         100
   2.2040000000000002        1.2130752860000003        3.1448147899545666E-004         100
   2.2050000000000001        1.2138285120000001        3.1583675531979700E-004         100
   2.2060000000000000        1.2145830910000002        3.1719736217627776E-004         100
   2.2069999999999999        1.2153390369999995        3.1856395001480549E-004         100
   2.2080000000000002        1.2160963420000004        3.1993577531913830E-004         100
   2.2090000000000001        1.2168549830000002        3.2131280852004543E-004         100
   2.2100000000000000        1.2176149670000005        3.2269611206977330E-004         100
   2.2109999999999999        1.2183762830000004        3.2408540674220513E-004         100
   2.2120000000000002        1.2191389339999994        3.2547950044561067E-004         100
   2.2130000000000001        1.2199028949999999        3.2688006989561744E-004         100
   2.2140000000000000        1.2206681740000003        3.2828629461714460E-004         100
   2.2149999999999999        1.2214347530000003        3.2969829253910808E-004         100
   2.2160000000000002        1.2222026300000004        3.3111633420495218E-004         100
   2.2170000000000001        1.2229718039999999        3.3253996670755452E-004         100
   2.2180000000000000        1.2237422579999997        3.3396920941015256E-004         100
   2.2189999999999999        1.2245139880000004        3.3540444614306360E-004         100
   2.2200000000000002        1.2252869979999996        3.3684549261943402E-004         100
   2.2500000000000000        1.2489458870000005        2.4882827049193743E-004         100
   2.2999999999999998        1.2901879909999994        2.8288468033877697E-004         100
   2.3500000000000001        1.3332335089999998        2.5800987452780219E-004         100
   2.3999999999999999        1.3761332630000001        3.1444160145974751E-004         100
   2.4500000000000002        1.4193624689999993        3.5813160974801350E-004         100
   2.5000000000000000        1.4610134640000001        3.8092660375330507E-004         100
   2.5499999999999998        1.5004558859999997        4.0785685537228841E-004         100
   2.6000000000000001        1.5378556610000000        4.1893429006279614E-004         100
   2.6499999999999999        1.5714051790000001        4.1041322386475680E-004         100
   2.7000000000000002        1.6033727169999998        4.2026004754359362E-004         100
