   1.7000000000000000        1.0062747299999999        4.8722579482609000E-006         100
   1.7500000000000000        1.0077765840000001        6.3427280543932094E-006         100
   1.8000000000000000        1.0098106190000000        8.1002461429601303E-006         100
   1.8500000000000001        1.0126198939999995        1.0944507790887379E-005         100
   1.8999999999999999        1.0166861690000004        1.4551107204176605E-005         100
   1.9500000000000000        1.0227793939999998        2.4287539856551877E-005         100
   2.0000000000000000        1.0324969339999999        3.4668804979352823E-005         100
   2.0499999999999998        1.0490279839999999        5.3844418741384254E-005         100
   2.1000000000000001        1.0786810059999998        1.0079227460270664E-004         100
   2.1499999999999999        1.1332939589999997        1.5611897210619232E-004         100
   2.1980000000000000        1.2170166859999996        3.0920204814683880E-004         100
   2.1989999999999998        1.2191228680000001        3.1386847995343460E-004         100
   2.2000000000000002        1.2210045335000002        2.1747480929726985E-004         200
   2.2010000000000001        1.2233751199999994        3.2346316011777658E-004         100
   2.2020000000000000        1.2255209709999995        3.2839066182356721E-004         100
   2.2029999999999998        1.2276798250000001        3.3340721390536188E-004         100
   2.2040000000000002        1.2298515619999997        3.3851402565599631E-004         100
   2.2050000000000001        1.2320360730000004        3.4371036420516077E-004         100
   2.2060000000000000        1.2342332250000003        3.4899778767690350E-004         100
   2.2069999999999999        1.2364428949999999        3.5437687777233924E-004         100
   2.2080000000000002        1.2386649600000004        3.5984846248408143E-004         100
   2.2090000000000001        1.2408992809999997        3.6541548017543659E-004         100
   2.2100000000000000        1.2431457170000002        3.7107595005202371E-004         100
   2.2109999999999999        1.2454041469999992        3.7683260530365346E-004         100
   2.2120000000000002        1.2476744129999997        3.8268547284069126E-004         100
   2.2130000000000001        1.2499563790000001        3.8863666511551376E-004         100
   2.2140000000000000        1.2522498920000005        3.9468678908331458E-004         100
   2.2149999999999999        1.2545547939999999        4.0083598710732735E-004         100
   2.2160000000000002        1.2568709470000003        4.0708711334113367E-004         100
   2.2170000000000001        1.2591981810000008        4.1344103867473720E-004         100
   2.2180000000000000        1.2615363449999999        4.1989780226415758E-004         100
   2.2189999999999999        1.2638852670000003        4.2645955538876234E-004         100
   2.2200000000000002        1.2662447869999998        4.3312763792942901E-004         100
   2.2500000000000000        1.3409231139999997        4.3248080030678997E-004         100
   2.2999999999999998        1.4707005369999997        5.0845850937366677E-004         100
   2.3500000000000001        1.5903695099999995        6.6010826631645746E-004         100
   2.3999999999999999        1.6866655729999993        7.1462711296339354E-004         100
   2.4500000000000002        1.7576654810000005        9.1605607932285617E-004         100
   2.5000000000000000        1.8115890730000002        9.9170459855454766E-004         100
   2.5499999999999998        1.8472513970000011        9.4099965373026445E-004         100
   2.6000000000000001        1.8753589659999996        1.1509836066888914E-003         100
   2.6499999999999999        1.8996146439999990        1.1996689319200692E-003         100
   2.7000000000000002        1.9145251730000001        1.0979074882114317E-003         100
