   4.0000000000000000        1.0264557163172101        1.3745517656433415E-005        1000
   4.0999999999999996        1.0421234892127644        2.3464240894293077E-005        1000
   4.2000000000000002        1.0742798194001999        4.9338521316946941E-005        1000
   4.2999999999999998        1.1455187092701471        9.0665012537209416E-005        1000
   4.4000000000000004        1.2890750519400371        1.4908749553473749E-004        1000
   4.5000000000000000        1.5228282906639485        2.0624056366461022E-004        1000
   4.5999999999999996        1.8106345013238276        2.4989973091812549E-004        1000
   4.7000000000000002        2.0886303005625830        2.5281488903006519E-004        1000
   4.7999999999999998        2.3159321782204643        2.6571535344690084E-004        1000
   4.9000000000000004        2.4841757337249994        2.8158322253931658E-004        1000
   5.0000000000000000        2.6048380167153651        2.8843060361242518E-004        1000
