   4.0000000000000000        1.1622249360574097        9.4129188398066522E-005        1000
   4.0999999999999996        1.2115221079697385        1.1272489833565086E-004        1000
   4.2000000000000002        1.2711972485634468        1.3211757815380059E-004        1000
   4.2999999999999998        1.3412811159797486        1.5432563023049233E-004        1000
   4.4000000000000004        1.4196915022116345        1.6693433941121250E-004        1000
   4.5000000000000000        1.5058019536107494        1.8376397121375653E-004        1000
   4.5999999999999996        1.5952932465433760        1.9507206922511527E-004        1000
   4.7000000000000002        1.6866206394950733        2.1447143054836125E-004        1000
   4.7999999999999998        1.7781447144915856        2.3006546916974074E-004        1000
   4.9000000000000004        1.8675714418504867        2.4171452256123370E-004        1000
   5.0000000000000000        1.9520715503079100        2.3068140626203491E-004        1000
