   4.0000000000000000        1.0034952255337377        1.3011896046950692E-006        1000
   4.0999999999999996        1.0056140918412295        2.1388474409098505E-006        1000
   4.2000000000000002        1.0100526814710524        4.0169116498374232E-006        1000
   4.2999999999999998        1.0217600347808182        1.0060802214345212E-005        1000
   4.4000000000000004        1.0741434406677566        5.0018890613788618E-005        1000
   4.5000000000000000        1.4829082372211186        2.1857406896376986E-004        1000
   4.5999999999999996        2.3070203226122699        2.5376175051706128E-004        1000
   4.7000000000000002        2.7099148671822118        2.6283557027271132E-004        1000
   4.7999999999999998        2.8525313317267105        2.6351667986874029E-004        1000
   4.9000000000000004        2.9109896634172210        2.6395128712724771E-004        1000
   5.0000000000000000        2.9398769393818056        2.6392389689751313E-004        1000
