   4.0000000000000000       0.50940606842999980        1.9074203121352673E-004        1000
   4.0999999999999996       0.71534878957999937        2.7644258642492084E-004        1000
   4.2000000000000002        1.0841967276000000        4.4258654307572525E-004        1000
   4.2999999999999998        1.8881206151000014        9.3543442501344801E-004        1000
   4.4000000000000004        5.0256744410999969        4.5989032424323594E-003        1000
   4.5000000000000000        14.658085968999982        3.8807949914187200E-003        1000
   4.5999999999999996        8.3487445559999998        1.3636681427638870E-003        1000
   4.7000000000000002        4.2168802532000065        5.8412353700934973E-004        1000
   4.7999999999999998        2.6044029569999991        3.1479419013923408E-004        1000
   4.9000000000000004        1.8283730046000031        2.1405952870976868E-004        1000
   5.0000000000000000        1.3871064796999986        1.6484307758806403E-004        1000
