   4.0000000000000000       0.56442570631999966        3.5324318000682568E-004        1000
   4.0999999999999996       0.65917390975999912        3.2987644805915569E-004        1000
   4.2000000000000002       0.73950789347000034        3.0207088054155822E-004        1000
   4.2999999999999998       0.79712104685999918        2.6067160012335208E-004        1000
   4.4000000000000004       0.82730348077000038        2.1370825517725105E-004        1000
   4.5000000000000000       0.83222902441999880        1.7985527215069481E-004        1000
   4.5999999999999996       0.81461504103999971        1.4806648140946676E-004        1000
   4.7000000000000002       0.78195958780999930        1.3303444861846912E-004        1000
   4.7999999999999998       0.73940332042999957        1.1866451203053809E-004        1000
   4.9000000000000004       0.69242508893999866        1.0912572623148642E-004        1000
   5.0000000000000000       0.64410154949000020        9.7772216160511743E-005        1000
