   4.0000000000000000       0.51838464938000017        3.2527794603643182E-004        1000
   4.0999999999999996       0.75916192676000016        5.7529218326118903E-004        1000
   4.2000000000000002        1.2428004953000003        1.1369202246667943E-003        1000
   4.2999999999999998        2.1469047930000000        1.5458696130406710E-003        1000
   4.4000000000000004        3.1842270960000030        1.3744208852395036E-003        1000
   4.5000000000000000        3.5758928876000002        8.0635016288067623E-004        1000
   4.5999999999999996        3.1874490390000005        5.4032262588219393E-004        1000
   4.7000000000000002        2.5424655130000020        4.2397665561236269E-004        1000
   4.7999999999999998        1.9760614722000025        3.2213813107679522E-004        1000
   4.9000000000000004        1.5542511189999992        2.3712403824540163E-004        1000
   5.0000000000000000        1.2514337397999999        1.8566802450057645E-004        1000
