   4.0000000000000000       -1.9083776500000036        2.1699324366648060E-005        1000
   4.0999999999999996       -1.7787358099999975        2.3698509610283472E-005        1000
   4.2000000000000002       -1.6344889199999957        2.8391944631750961E-005        1000
   4.2999999999999998       -1.4714877400000008        3.0794082705406261E-005        1000
   4.4000000000000004       -1.2804770799999987        4.1522267280886625E-005        1000
   4.5000000000000000       -1.0564923599999982        3.8598419539954622E-005        1000
   4.5999999999999996      -0.92641950300000009        1.7179875638703178E-005        1000
   4.7000000000000002      -0.86530324600000008        1.2049001396581714E-005        1000
   4.7999999999999998      -0.82270894300000053        1.0369382448484215E-005        1000
   4.9000000000000004      -0.78798380199999984        9.7571518593624550E-006        1000
   5.0000000000000000      -0.75804308199999937        8.9695556506843725E-006        1000
