   4.0000000000000000       -1.9079846200000048        6.2519931716509841E-005        1000
   4.0999999999999996       -1.7774039699999988        7.0839572424110544E-005        1000
   4.2000000000000002       -1.6301782700000016        8.2349652117644315E-005        1000
   4.2999999999999998       -1.4630143299999998        9.3378256593222675E-005        1000
   4.4000000000000004       -1.2853921400000012        9.3727930151609007E-005        1000
   4.5000000000000000       -1.1234899500000011        7.8833391239125728E-005        1000
   4.5999999999999996       -1.0001868020000002        5.7359206281624856E-005        1000
   4.7000000000000002      -0.91371978999999970        4.3255690625324498E-005        1000
   4.7999999999999998      -0.85235485300000036        3.5082000250195373E-005        1000
   4.9000000000000004      -0.80639159299999985        2.9054678885138091E-005        1000
   5.0000000000000000      -0.76976692299999894        2.6249232490785259E-005        1000
