   4.0000000000000000       -1.8832870200000000        1.7470495648297949E-004        1000
   4.0999999999999996       -1.7619989499999988        1.8562761415854548E-004        1000
   4.2000000000000002       -1.6402059400000029        1.7961977950045106E-004        1000
   4.2999999999999998       -1.5210618300000007        1.8102946832101327E-004        1000
   4.4000000000000004       -1.4087149900000007        1.6319960202226339E-004        1000
   4.5000000000000000       -1.3043156100000015        1.5457287950194855E-004        1000
   4.5999999999999996       -1.2107441099999994        1.4813913772912269E-004        1000
   4.7000000000000002       -1.1275862200000006        1.3216098855560617E-004        1000
   4.7999999999999998       -1.0537852800000016        1.1955066077090938E-004        1000
   4.9000000000000004      -0.98910446399999941        1.1374042494943548E-004        1000
   5.0000000000000000      -0.93272221299999947        9.9223632160788894E-005        1000
